{
 "cells": [
  {
   "cell_type": "code",
   "execution_count": 1,
   "metadata": {},
   "outputs": [],
   "source": [
    "import numpy as np\n",
    "import scipy.stats as sts\n",
    "from UltrametricMatrix import ultramatrix\n",
    "from HierarchyClusteringWithoutLogs import hierarchy\n",
    "from MinMaxHierarchy import MinMaxHierarchy\n",
    "from MedianHierarchy import MedianHierarchy\n",
    "from Linkages import single_linked\n",
    "from Linkages import complete_linked\n",
    "from Linkages import group_average_linked\n",
    "from Linkages import weighted_average_linked\n",
    "import pandas as pd"
   ]
  },
  {
   "cell_type": "code",
   "execution_count": 2,
   "metadata": {},
   "outputs": [],
   "source": [
    "def pipe(points, method, calc_metric):\n",
    "    if method.__name__ == 'MinMaxHierarchy':\n",
    "        logs = MinMaxHierarchy(points, metric='euclidean')\n",
    "    elif method.__name__ == 'MedianHierarchy':\n",
    "        logs = MedianHierarchy(points, metric='euclidean')\n",
    "    else:\n",
    "        logs = hierarchy(points, metric='euclidean', method=method)\n",
    "    \n",
    "    start_matrix = logs[1]\n",
    "    finish_matrix = ultramatrix(logs[0], logs[2])\n",
    "\n",
    "    if calc_metric == 'max_abs':\n",
    "        return np.max(np.abs(start_matrix - finish_matrix))\n",
    "    elif calc_metric == 'norm_sum_abs':\n",
    "        n_points = len(start_matrix) \n",
    "        N_edge = n_points * (n_points - 1) / 2\n",
    "\n",
    "        return np.sum(np.abs(finish_matrix - start_matrix)) / N_edge\n",
    "    else:\n",
    "        return 'give calc_metric'"
   ]
  },
  {
   "cell_type": "code",
   "execution_count": 3,
   "metadata": {},
   "outputs": [],
   "source": [
    "def get_gen_sample(size):\n",
    "    N = int(size / 3)\n",
    "\n",
    "    norm1 = sts.norm(1, 0.2)\n",
    "    norm2 = sts.norm(1.5, 0.1)\n",
    "    norm3 = sts.norm(2, 0.2)\n",
    "\n",
    "    x = np.append(norm1.rvs(N), np.append(norm2.rvs(N), norm3.rvs(N), axis=0), axis=0)\n",
    "    y = np.append(norm1.rvs(N), np.append(norm2.rvs(N), norm3.rvs(N), axis=0), axis=0)\n",
    "\n",
    "    points = list(zip(x, y))\n",
    "\n",
    "    return np.array(points)"
   ]
  },
  {
   "cell_type": "code",
   "execution_count": 4,
   "metadata": {},
   "outputs": [],
   "source": [
    "def times_when_method_better(results, res_column):\n",
    "    res = dict()\n",
    "    for col in results.columns:\n",
    "        if col != res_column:\n",
    "            res[col] = [results[results[col] > results[res_column]].shape[0] / results.shape[0]]\n",
    "\n",
    "    return pd.DataFrame(res, index=[res_column])"
   ]
  },
  {
   "cell_type": "code",
   "execution_count": 5,
   "metadata": {},
   "outputs": [
    {
     "name": "stdout",
     "output_type": "stream",
     "text": [
      "VERSION 18\n",
      "Distance matrix: 0 step\n",
      "          0         1         2         3         4\n",
      "0  0.000000  1.593879  0.788071  0.207477  0.639608\n",
      "1  1.593879  0.000000  0.811846  1.533468  0.976702\n",
      "2  0.788071  0.811846  0.000000  0.759495  0.170543\n",
      "3  0.207477  1.533468  0.759495  0.000000  0.641868\n",
      "4  0.639608  0.976702  0.170543  0.641868  0.000000\n",
      "\n",
      "Clusters:['0' '1' '2' '3' '4']\n",
      "\n",
      "\n",
      "(2, 4)\n",
      "Clusters: ['(2, 4)' '0' '1' '3']\n",
      "Distance matrix: 1 step\n",
      "          (2, 4)         0         1         3\n",
      "(2, 4)  0.000000  0.713839  0.894274  0.700681\n",
      "0       0.713839  0.000000  1.593879  0.207477\n",
      "1       0.894274  1.593879  0.000000  1.533468\n",
      "3       0.700681  0.207477  1.533468  0.000000\n",
      "\n",
      "\n",
      "\n",
      "(0, 3)\n",
      "Clusters: ['(0, 3)' '(2, 4)' '1']\n",
      "Distance matrix: 2 step\n",
      "          (0, 3)    (2, 4)         1\n",
      "(0, 3)  0.000000  0.713839  1.563673\n",
      "(2, 4)  0.713839  0.000000  0.894274\n",
      "1       1.563673  0.894274  0.000000\n",
      "\n",
      "\n",
      "\n",
      "((0, 3), (2, 4))\n",
      "Clusters: ['((0, 3), (2, 4))' '1']\n",
      "Distance matrix: 3 step\n",
      "                  ((0, 3), (2, 4))         1\n",
      "((0, 3), (2, 4))          0.000000  1.202862\n",
      "1                         1.202862  0.000000\n",
      "\n",
      "\n",
      "\n",
      "(((0, 3), (2, 4)), 1)\n",
      "Clusters: ['(((0, 3), (2, 4)), 1)']\n",
      "Distance matrix: 4 step\n",
      "                       (((0, 3), (2, 4)), 1)\n",
      "(((0, 3), (2, 4)), 1)                    0.0\n",
      "\n",
      "\n",
      "\n",
      "Distance matrix: 0 step\n",
      "          0         1         2         3         4\n",
      "0  0.000000  1.593879  0.788071  0.207477  0.639608\n",
      "1  1.593879  0.000000  0.811846  1.533468  0.976702\n",
      "2  0.788071  0.811846  0.000000  0.759495  0.170543\n",
      "3  0.207477  1.533468  0.759495  0.000000  0.641868\n",
      "4  0.639608  0.976702  0.170543  0.641868  0.000000\n",
      "\n",
      "Clusters:['0' '1' '2' '3' '4']\n",
      "\n",
      "\n",
      "(2, 4)\n",
      "Clusters: ['(2, 4)' '0' '1' '3']\n",
      "Distance matrix: 1 step\n",
      "          (2, 4)         0         1         3\n",
      "(2, 4)  0.000000  0.713839  0.894274  0.700681\n",
      "0       0.713839  0.000000  1.593879  0.207477\n",
      "1       0.894274  1.593879  0.000000  1.533468\n",
      "3       0.700681  0.207477  1.533468  0.000000\n",
      "\n",
      "\n",
      "\n",
      "(0, 3)\n",
      "Clusters: ['(0, 3)' '(2, 4)' '1']\n",
      "Distance matrix: 2 step\n",
      "          (0, 3)    (2, 4)         1\n",
      "(0, 3)  0.000000  0.700681  1.563673\n",
      "(2, 4)  0.700681  0.000000  0.894274\n",
      "1       1.563673  0.894274  0.000000\n",
      "\n",
      "\n",
      "\n",
      "((0, 3), (2, 4))\n",
      "Clusters: ['((0, 3), (2, 4))' '1']\n",
      "Distance matrix: 3 step\n",
      "                  ((0, 3), (2, 4))         1\n",
      "((0, 3), (2, 4))          0.000000  1.255085\n",
      "1                         1.255085  0.000000\n",
      "\n",
      "\n",
      "\n",
      "(((0, 3), (2, 4)), 1)\n",
      "Clusters: ['(((0, 3), (2, 4)), 1)']\n",
      "Distance matrix: 4 step\n",
      "                       (((0, 3), (2, 4)), 1)\n",
      "(((0, 3), (2, 4)), 1)                    0.0\n",
      "\n",
      "\n",
      "\n",
      "VERSION 18\n",
      "Distance matrix: 0 step\n",
      "          0         1         2         3         4\n",
      "0  0.000000  1.372071  1.289953  1.485869  0.648962\n",
      "1  1.372071  0.000000  0.096722  0.224118  0.724457\n",
      "2  1.289953  0.096722  0.000000  0.237424  0.645716\n",
      "3  1.485869  0.224118  0.237424  0.000000  0.855758\n",
      "4  0.648962  0.724457  0.645716  0.855758  0.000000\n",
      "\n",
      "Clusters:['0' '1' '2' '3' '4']\n",
      "\n",
      "\n",
      "(1, 2)\n",
      "Clusters: ['(1, 2)' '0' '3' '4']\n",
      "Distance matrix: 1 step\n",
      "          (1, 2)         0         3         4\n",
      "(1, 2)  0.000000  1.331012  0.230771  0.685086\n",
      "0       1.331012  0.000000  1.485869  0.648962\n",
      "3       0.230771  1.485869  0.000000  0.855758\n",
      "4       0.685086  0.648962  0.855758  0.000000\n",
      "\n",
      "\n",
      "\n",
      "((1, 2), 3)\n",
      "Clusters: ['((1, 2), 3)' '0' '4']\n",
      "Distance matrix: 2 step\n",
      "             ((1, 2), 3)         0         4\n",
      "((1, 2), 3)     0.000000  1.387911  0.750737\n",
      "0               1.387911  0.000000  0.648962\n",
      "4               0.750737  0.648962  0.000000\n",
      "\n",
      "\n",
      "\n",
      "(0, 4)\n",
      "Clusters: ['(0, 4)' '((1, 2), 3)']\n",
      "Distance matrix: 3 step\n",
      "               (0, 4)  ((1, 2), 3)\n",
      "(0, 4)       0.000000     1.065792\n",
      "((1, 2), 3)  1.065792     0.000000\n",
      "\n",
      "\n",
      "\n",
      "((0, 4), ((1, 2), 3))\n",
      "Clusters: ['((0, 4), ((1, 2), 3))']\n",
      "Distance matrix: 4 step\n",
      "                       ((0, 4), ((1, 2), 3))\n",
      "((0, 4), ((1, 2), 3))                    0.0\n",
      "\n",
      "\n",
      "\n",
      "Distance matrix: 0 step\n",
      "          0         1         2         3         4\n",
      "0  0.000000  1.372071  1.289953  1.485869  0.648962\n",
      "1  1.372071  0.000000  0.096722  0.224118  0.724457\n",
      "2  1.289953  0.096722  0.000000  0.237424  0.645716\n",
      "3  1.485869  0.224118  0.237424  0.000000  0.855758\n",
      "4  0.648962  0.724457  0.645716  0.855758  0.000000\n",
      "\n",
      "Clusters:['0' '1' '2' '3' '4']\n",
      "\n",
      "\n",
      "(1, 2)\n",
      "Clusters: ['(1, 2)' '0' '3' '4']\n",
      "Distance matrix: 1 step\n",
      "          (1, 2)         0         3         4\n",
      "(1, 2)  0.000000  1.331012  0.230771  0.685086\n",
      "0       1.331012  0.000000  1.485869  0.648962\n",
      "3       0.230771  1.485869  0.000000  0.855758\n",
      "4       0.685086  0.648962  0.855758  0.000000\n",
      "\n",
      "\n",
      "\n",
      "((1, 2), 3)\n",
      "Clusters: ['((1, 2), 3)' '0' '4']\n",
      "Distance matrix: 2 step\n",
      "             ((1, 2), 3)         0         4\n",
      "((1, 2), 3)     0.000000  1.372071  0.724457\n",
      "0               1.372071  0.000000  0.648962\n",
      "4               0.724457  0.648962  0.000000\n",
      "\n",
      "\n",
      "\n",
      "(0, 4)\n",
      "Clusters: ['(0, 4)' '((1, 2), 3)']\n",
      "Distance matrix: 3 step\n",
      "               (0, 4)  ((1, 2), 3)\n",
      "(0, 4)       0.000000     1.072855\n",
      "((1, 2), 3)  1.072855     0.000000\n",
      "\n",
      "\n",
      "\n",
      "((0, 4), ((1, 2), 3))\n",
      "Clusters: ['((0, 4), ((1, 2), 3))']\n",
      "Distance matrix: 4 step\n",
      "                       ((0, 4), ((1, 2), 3))\n",
      "((0, 4), ((1, 2), 3))                    0.0\n",
      "\n",
      "\n",
      "\n",
      "VERSION 18\n",
      "Distance matrix: 0 step\n",
      "          0         1         2         3         4\n",
      "0  0.000000  0.597141  1.430968  1.470147  0.871831\n",
      "1  0.597141  0.000000  1.488787  1.601032  0.421509\n",
      "2  1.430968  1.488787  0.000000  0.200887  1.905815\n",
      "3  1.470147  1.601032  0.200887  0.000000  2.021994\n",
      "4  0.871831  0.421509  1.905815  2.021994  0.000000\n",
      "\n",
      "Clusters:['0' '1' '2' '3' '4']\n",
      "\n",
      "\n",
      "(2, 3)\n",
      "Clusters: ['(2, 3)' '0' '1' '4']\n",
      "Distance matrix: 1 step\n",
      "          (2, 3)         0         1         4\n",
      "(2, 3)  0.000000  1.450557  1.544910  1.963905\n",
      "0       1.450557  0.000000  0.597141  0.871831\n",
      "1       1.544910  0.597141  0.000000  0.421509\n",
      "4       1.963905  0.871831  0.421509  0.000000\n",
      "\n",
      "\n",
      "\n",
      "(1, 4)\n",
      "Clusters: ['(1, 4)' '(2, 3)' '0']\n",
      "Distance matrix: 2 step\n",
      "          (1, 4)    (2, 3)         0\n",
      "(1, 4)  0.000000  1.755391  0.734486\n",
      "(2, 3)  1.755391  0.000000  1.450557\n",
      "0       0.734486  1.450557  0.000000\n",
      "\n",
      "\n",
      "\n",
      "((1, 4), 0)\n",
      "Clusters: ['((1, 4), 0)' '(2, 3)']\n",
      "Distance matrix: 3 step\n",
      "             ((1, 4), 0)    (2, 3)\n",
      "((1, 4), 0)     0.000000  1.726481\n",
      "(2, 3)          1.726481  0.000000\n",
      "\n",
      "\n",
      "\n",
      "(((1, 4), 0), (2, 3))\n",
      "Clusters: ['(((1, 4), 0), (2, 3))']\n",
      "Distance matrix: 4 step\n",
      "                       (((1, 4), 0), (2, 3))\n",
      "(((1, 4), 0), (2, 3))                    0.0\n",
      "\n",
      "\n",
      "\n",
      "Distance matrix: 0 step\n",
      "          0         1         2         3         4\n",
      "0  0.000000  0.597141  1.430968  1.470147  0.871831\n",
      "1  0.597141  0.000000  1.488787  1.601032  0.421509\n",
      "2  1.430968  1.488787  0.000000  0.200887  1.905815\n",
      "3  1.470147  1.601032  0.200887  0.000000  2.021994\n",
      "4  0.871831  0.421509  1.905815  2.021994  0.000000\n",
      "\n",
      "Clusters:['0' '1' '2' '3' '4']\n",
      "\n",
      "\n",
      "(2, 3)\n",
      "Clusters: ['(2, 3)' '0' '1' '4']\n",
      "Distance matrix: 1 step\n",
      "          (2, 3)         0         1         4\n",
      "(2, 3)  0.000000  1.450557  1.544910  1.963905\n",
      "0       1.450557  0.000000  0.597141  0.871831\n",
      "1       1.544910  0.597141  0.000000  0.421509\n",
      "4       1.963905  0.871831  0.421509  0.000000\n",
      "\n",
      "\n",
      "\n",
      "(1, 4)\n",
      "Clusters: ['(1, 4)' '(2, 3)' '0']\n",
      "Distance matrix: 2 step\n",
      "          (1, 4)    (2, 3)         0\n",
      "(1, 4)  0.000000  1.753424  0.734486\n",
      "(2, 3)  1.753424  0.000000  1.450557\n",
      "0       0.734486  1.450557  0.000000\n",
      "\n",
      "\n",
      "\n",
      "((1, 4), 0)\n",
      "Clusters: ['((1, 4), 0)' '(2, 3)']\n",
      "Distance matrix: 3 step\n",
      "             ((1, 4), 0)   (2, 3)\n",
      "((1, 4), 0)      0.00000  1.54491\n",
      "(2, 3)           1.54491  0.00000\n",
      "\n",
      "\n",
      "\n",
      "(((1, 4), 0), (2, 3))\n",
      "Clusters: ['(((1, 4), 0), (2, 3))']\n",
      "Distance matrix: 4 step\n",
      "                       (((1, 4), 0), (2, 3))\n",
      "(((1, 4), 0), (2, 3))                    0.0\n",
      "\n",
      "\n",
      "\n",
      "VERSION 18\n",
      "Distance matrix: 0 step\n",
      "          0         1         2         3         4\n",
      "0  0.000000  0.128673  0.688060  0.184273  0.478838\n",
      "1  0.128673  0.000000  0.561525  0.303935  0.607419\n",
      "2  0.688060  0.561525  0.000000  0.841828  1.164788\n",
      "3  0.184273  0.303935  0.841828  0.000000  0.333337\n",
      "4  0.478838  0.607419  1.164788  0.333337  0.000000\n",
      "\n",
      "Clusters:['0' '1' '2' '3' '4']\n",
      "\n",
      "\n",
      "(0, 1)\n",
      "Clusters: ['(0, 1)' '2' '3' '4']\n",
      "Distance matrix: 1 step\n",
      "          (0, 1)         2         3         4\n",
      "(0, 1)  0.000000  0.624793  0.244104  0.543128\n",
      "2       0.624793  0.000000  0.841828  1.164788\n",
      "3       0.244104  0.841828  0.000000  0.333337\n",
      "4       0.543128  1.164788  0.333337  0.000000\n",
      "\n",
      "\n",
      "\n",
      "((0, 1), 3)\n",
      "Clusters: ['((0, 1), 3)' '2' '4']\n",
      "Distance matrix: 2 step\n",
      "             ((0, 1), 3)         2         4\n",
      "((0, 1), 3)     0.000000  0.701677  0.470378\n",
      "2               0.701677  0.000000  1.164788\n",
      "4               0.470378  1.164788  0.000000\n",
      "\n",
      "\n",
      "\n",
      "(((0, 1), 3), 4)\n",
      "Clusters: ['(((0, 1), 3), 4)' '2']\n",
      "Distance matrix: 3 step\n",
      "                  (((0, 1), 3), 4)         2\n",
      "(((0, 1), 3), 4)          0.000000  0.863157\n",
      "2                         0.863157  0.000000\n",
      "\n",
      "\n",
      "\n",
      "((((0, 1), 3), 4), 2)\n",
      "Clusters: ['((((0, 1), 3), 4), 2)']\n",
      "Distance matrix: 4 step\n",
      "                       ((((0, 1), 3), 4), 2)\n",
      "((((0, 1), 3), 4), 2)                    0.0\n",
      "\n",
      "\n",
      "\n",
      "Distance matrix: 0 step\n",
      "          0         1         2         3         4\n",
      "0  0.000000  0.128673  0.688060  0.184273  0.478838\n",
      "1  0.128673  0.000000  0.561525  0.303935  0.607419\n",
      "2  0.688060  0.561525  0.000000  0.841828  1.164788\n",
      "3  0.184273  0.303935  0.841828  0.000000  0.333337\n",
      "4  0.478838  0.607419  1.164788  0.333337  0.000000\n",
      "\n",
      "Clusters:['0' '1' '2' '3' '4']\n",
      "\n",
      "\n",
      "(0, 1)\n",
      "Clusters: ['(0, 1)' '2' '3' '4']\n",
      "Distance matrix: 1 step\n",
      "          (0, 1)         2         3         4\n",
      "(0, 1)  0.000000  0.624793  0.244104  0.543128\n",
      "2       0.624793  0.000000  0.841828  1.164788\n",
      "3       0.244104  0.841828  0.000000  0.333337\n",
      "4       0.543128  1.164788  0.333337  0.000000\n",
      "\n",
      "\n",
      "\n",
      "((0, 1), 3)\n",
      "Clusters: ['((0, 1), 3)' '2' '4']\n",
      "Distance matrix: 2 step\n",
      "             ((0, 1), 3)         2         4\n",
      "((0, 1), 3)     0.000000  0.688060  0.478838\n",
      "2               0.688060  0.000000  1.164788\n",
      "4               0.478838  1.164788  0.000000\n",
      "\n",
      "\n",
      "\n",
      "(((0, 1), 3), 4)\n",
      "Clusters: ['(((0, 1), 3), 4)' '2']\n",
      "Distance matrix: 3 step\n",
      "                  (((0, 1), 3), 4)         2\n",
      "(((0, 1), 3), 4)          0.000000  0.764944\n",
      "2                         0.764944  0.000000\n",
      "\n",
      "\n",
      "\n",
      "((((0, 1), 3), 4), 2)\n",
      "Clusters: ['((((0, 1), 3), 4), 2)']\n",
      "Distance matrix: 4 step\n",
      "                       ((((0, 1), 3), 4), 2)\n",
      "((((0, 1), 3), 4), 2)                    0.0\n",
      "\n",
      "\n",
      "\n",
      "VERSION 18\n",
      "Distance matrix: 0 step\n",
      "          0         1         2         3         4\n",
      "0  0.000000  1.819503  1.476353  0.979196  1.602220\n",
      "1  1.819503  0.000000  0.369453  0.841777  0.333771\n",
      "2  1.476353  0.369453  0.000000  0.517921  0.160697\n",
      "3  0.979196  0.841777  0.517921  0.000000  0.664949\n",
      "4  1.602220  0.333771  0.160697  0.664949  0.000000\n",
      "\n",
      "Clusters:['0' '1' '2' '3' '4']\n",
      "\n",
      "\n",
      "(2, 4)\n",
      "Clusters: ['(2, 4)' '0' '1' '3']\n",
      "Distance matrix: 1 step\n",
      "          (2, 4)         0         1         3\n",
      "(2, 4)  0.000000  1.539286  0.351612  0.591435\n",
      "0       1.539286  0.000000  1.819503  0.979196\n",
      "1       0.351612  1.819503  0.000000  0.841777\n",
      "3       0.591435  0.979196  0.841777  0.000000\n",
      "\n",
      "\n",
      "\n",
      "((2, 4), 1)\n",
      "Clusters: ['((2, 4), 1)' '0' '3']\n",
      "Distance matrix: 2 step\n",
      "             ((2, 4), 1)         0         3\n",
      "((2, 4), 1)     0.000000  1.647928  0.679849\n",
      "0               1.647928  0.000000  0.979196\n",
      "3               0.679849  0.979196  0.000000\n",
      "\n",
      "\n",
      "\n",
      "(((2, 4), 1), 3)\n",
      "Clusters: ['(((2, 4), 1), 3)' '0']\n",
      "Distance matrix: 3 step\n",
      "                  (((2, 4), 1), 3)        0\n",
      "(((2, 4), 1), 3)           0.00000  1.39935\n",
      "0                          1.39935  0.00000\n",
      "\n",
      "\n",
      "\n",
      "((((2, 4), 1), 3), 0)\n",
      "Clusters: ['((((2, 4), 1), 3), 0)']\n",
      "Distance matrix: 4 step\n",
      "                       ((((2, 4), 1), 3), 0)\n",
      "((((2, 4), 1), 3), 0)                    0.0\n",
      "\n",
      "\n",
      "\n",
      "Distance matrix: 0 step\n",
      "          0         1         2         3         4\n",
      "0  0.000000  1.819503  1.476353  0.979196  1.602220\n",
      "1  1.819503  0.000000  0.369453  0.841777  0.333771\n",
      "2  1.476353  0.369453  0.000000  0.517921  0.160697\n",
      "3  0.979196  0.841777  0.517921  0.000000  0.664949\n",
      "4  1.602220  0.333771  0.160697  0.664949  0.000000\n",
      "\n",
      "Clusters:['0' '1' '2' '3' '4']\n",
      "\n",
      "\n",
      "(2, 4)\n",
      "Clusters: ['(2, 4)' '0' '1' '3']\n",
      "Distance matrix: 1 step\n",
      "          (2, 4)         0         1         3\n",
      "(2, 4)  0.000000  1.539286  0.351612  0.591435\n",
      "0       1.539286  0.000000  1.819503  0.979196\n",
      "1       0.351612  1.819503  0.000000  0.841777\n",
      "3       0.591435  0.979196  0.841777  0.000000\n",
      "\n",
      "\n",
      "\n",
      "((2, 4), 1)\n",
      "Clusters: ['((2, 4), 1)' '0' '3']\n",
      "Distance matrix: 2 step\n",
      "             ((2, 4), 1)         0         3\n",
      "((2, 4), 1)     0.000000  1.602220  0.664949\n",
      "0               1.602220  0.000000  0.979196\n",
      "3               0.664949  0.979196  0.000000\n",
      "\n",
      "\n",
      "\n",
      "(((2, 4), 1), 3)\n",
      "Clusters: ['(((2, 4), 1), 3)' '0']\n",
      "Distance matrix: 3 step\n",
      "                  (((2, 4), 1), 3)         0\n",
      "(((2, 4), 1), 3)          0.000000  1.539286\n",
      "0                         1.539286  0.000000\n",
      "\n",
      "\n",
      "\n",
      "((((2, 4), 1), 3), 0)\n",
      "Clusters: ['((((2, 4), 1), 3), 0)']\n",
      "Distance matrix: 4 step\n",
      "                       ((((2, 4), 1), 3), 0)\n",
      "((((2, 4), 1), 3), 0)                    0.0\n",
      "\n",
      "\n",
      "\n",
      "VERSION 18\n",
      "Distance matrix: 0 step\n",
      "          0         1         2         3         4\n",
      "0  0.000000  0.963815  0.138454  0.504404  0.317396\n",
      "1  0.963815  0.000000  0.843768  0.460624  1.276469\n",
      "2  0.138454  0.843768  0.000000  0.383437  0.433623\n",
      "3  0.504404  0.460624  0.383437  0.000000  0.815849\n",
      "4  0.317396  1.276469  0.433623  0.815849  0.000000\n",
      "\n",
      "Clusters:['0' '1' '2' '3' '4']\n",
      "\n",
      "\n",
      "(0, 2)\n",
      "Clusters: ['(0, 2)' '1' '3' '4']\n",
      "Distance matrix: 1 step\n",
      "          (0, 2)         1         3         4\n",
      "(0, 2)  0.000000  0.903792  0.443921  0.375509\n",
      "1       0.903792  0.000000  0.460624  1.276469\n",
      "3       0.443921  0.460624  0.000000  0.815849\n",
      "4       0.375509  1.276469  0.815849  0.000000\n",
      "\n",
      "\n",
      "\n",
      "((0, 2), 4)\n",
      "Clusters: ['((0, 2), 4)' '1' '3']\n",
      "Distance matrix: 2 step\n",
      "             ((0, 2), 4)         1         3\n",
      "((0, 2), 4)     0.000000  1.060119  0.599643\n",
      "1               1.060119  0.000000  0.460624\n",
      "3               0.599643  0.460624  0.000000\n",
      "\n",
      "\n",
      "\n",
      "(1, 3)\n",
      "Clusters: ['(1, 3)' '((0, 2), 4)']\n",
      "Distance matrix: 3 step\n",
      "               (1, 3)  ((0, 2), 4)\n",
      "(1, 3)       0.000000     0.829953\n",
      "((0, 2), 4)  0.829953     0.000000\n",
      "\n",
      "\n",
      "\n",
      "((1, 3), ((0, 2), 4))\n",
      "Clusters: ['((1, 3), ((0, 2), 4))']\n",
      "Distance matrix: 4 step\n",
      "                       ((1, 3), ((0, 2), 4))\n",
      "((1, 3), ((0, 2), 4))                    0.0\n",
      "\n",
      "\n",
      "\n",
      "Distance matrix: 0 step\n",
      "          0         1         2         3         4\n",
      "0  0.000000  0.963815  0.138454  0.504404  0.317396\n",
      "1  0.963815  0.000000  0.843768  0.460624  1.276469\n",
      "2  0.138454  0.843768  0.000000  0.383437  0.433623\n",
      "3  0.504404  0.460624  0.383437  0.000000  0.815849\n",
      "4  0.317396  1.276469  0.433623  0.815849  0.000000\n",
      "\n",
      "Clusters:['0' '1' '2' '3' '4']\n",
      "\n",
      "\n",
      "(0, 2)\n",
      "Clusters: ['(0, 2)' '1' '3' '4']\n",
      "Distance matrix: 1 step\n",
      "          (0, 2)         1         3         4\n",
      "(0, 2)  0.000000  0.903792  0.443921  0.375509\n",
      "1       0.903792  0.000000  0.460624  1.276469\n",
      "3       0.443921  0.460624  0.000000  0.815849\n",
      "4       0.375509  1.276469  0.815849  0.000000\n",
      "\n",
      "\n",
      "\n",
      "((0, 2), 4)\n",
      "Clusters: ['((0, 2), 4)' '1' '3']\n",
      "Distance matrix: 2 step\n",
      "             ((0, 2), 4)         1         3\n",
      "((0, 2), 4)     0.000000  0.963815  0.504404\n",
      "1               0.963815  0.000000  0.460624\n",
      "3               0.504404  0.460624  0.000000\n",
      "\n",
      "\n",
      "\n",
      "(1, 3)\n",
      "Clusters: ['(1, 3)' '((0, 2), 4)']\n",
      "Distance matrix: 3 step\n",
      "               (1, 3)  ((0, 2), 4)\n",
      "(1, 3)       0.000000     0.829809\n",
      "((0, 2), 4)  0.829809     0.000000\n",
      "\n",
      "\n",
      "\n",
      "((1, 3), ((0, 2), 4))\n",
      "Clusters: ['((1, 3), ((0, 2), 4))']\n",
      "Distance matrix: 4 step\n",
      "                       ((1, 3), ((0, 2), 4))\n",
      "((1, 3), ((0, 2), 4))                    0.0\n",
      "\n",
      "\n",
      "\n",
      "VERSION 18\n",
      "Distance matrix: 0 step\n",
      "          0         1         2         3         4\n",
      "0  0.000000  0.106201  0.674569  0.122403  0.190068\n",
      "1  0.106201  0.000000  0.756282  0.139966  0.293035\n",
      "2  0.674569  0.756282  0.000000  0.627247  0.508361\n",
      "3  0.122403  0.139966  0.627247  0.000000  0.220972\n",
      "4  0.190068  0.293035  0.508361  0.220972  0.000000\n",
      "\n",
      "Clusters:['0' '1' '2' '3' '4']\n",
      "\n",
      "\n",
      "(0, 1)\n",
      "Clusters: ['(0, 1)' '2' '3' '4']\n",
      "Distance matrix: 1 step\n",
      "          (0, 1)         2         3         4\n",
      "(0, 1)  0.000000  0.715425  0.131185  0.241552\n",
      "2       0.715425  0.000000  0.627247  0.508361\n",
      "3       0.131185  0.627247  0.000000  0.220972\n",
      "4       0.241552  0.508361  0.220972  0.000000\n",
      "\n",
      "\n",
      "\n",
      "((0, 1), 3)\n",
      "Clusters: ['((0, 1), 3)' '2' '4']\n",
      "Distance matrix: 2 step\n",
      "             ((0, 1), 3)         2         4\n",
      "((0, 1), 3)     0.000000  0.691765  0.241552\n",
      "2               0.691765  0.000000  0.508361\n",
      "4               0.241552  0.508361  0.000000\n",
      "\n",
      "\n",
      "\n",
      "(((0, 1), 3), 4)\n",
      "Clusters: ['(((0, 1), 3), 4)' '2']\n",
      "Distance matrix: 3 step\n",
      "                  (((0, 1), 3), 4)         2\n",
      "(((0, 1), 3), 4)          0.000000  0.632322\n",
      "2                         0.632322  0.000000\n",
      "\n",
      "\n",
      "\n",
      "((((0, 1), 3), 4), 2)\n",
      "Clusters: ['((((0, 1), 3), 4), 2)']\n",
      "Distance matrix: 4 step\n",
      "                       ((((0, 1), 3), 4), 2)\n",
      "((((0, 1), 3), 4), 2)                    0.0\n",
      "\n",
      "\n",
      "\n",
      "Distance matrix: 0 step\n",
      "          0         1         2         3         4\n",
      "0  0.000000  0.106201  0.674569  0.122403  0.190068\n",
      "1  0.106201  0.000000  0.756282  0.139966  0.293035\n",
      "2  0.674569  0.756282  0.000000  0.627247  0.508361\n",
      "3  0.122403  0.139966  0.627247  0.000000  0.220972\n",
      "4  0.190068  0.293035  0.508361  0.220972  0.000000\n",
      "\n",
      "Clusters:['0' '1' '2' '3' '4']\n",
      "\n",
      "\n",
      "(0, 1)\n",
      "Clusters: ['(0, 1)' '2' '3' '4']\n",
      "Distance matrix: 1 step\n",
      "          (0, 1)         2         3         4\n",
      "(0, 1)  0.000000  0.715425  0.131185  0.241552\n",
      "2       0.715425  0.000000  0.627247  0.508361\n",
      "3       0.131185  0.627247  0.000000  0.220972\n",
      "4       0.241552  0.508361  0.220972  0.000000\n",
      "\n",
      "\n",
      "\n",
      "((0, 1), 3)\n",
      "Clusters: ['((0, 1), 3)' '2' '4']\n",
      "Distance matrix: 2 step\n",
      "             ((0, 1), 3)         2         4\n",
      "((0, 1), 3)     0.000000  0.674569  0.220972\n",
      "2               0.674569  0.000000  0.508361\n",
      "4               0.220972  0.508361  0.000000\n",
      "\n",
      "\n",
      "\n",
      "(((0, 1), 3), 4)\n",
      "Clusters: ['(((0, 1), 3), 4)' '2']\n",
      "Distance matrix: 3 step\n",
      "                  (((0, 1), 3), 4)         2\n",
      "(((0, 1), 3), 4)          0.000000  0.650908\n",
      "2                         0.650908  0.000000\n",
      "\n",
      "\n",
      "\n",
      "((((0, 1), 3), 4), 2)\n",
      "Clusters: ['((((0, 1), 3), 4), 2)']\n",
      "Distance matrix: 4 step\n",
      "                       ((((0, 1), 3), 4), 2)\n",
      "((((0, 1), 3), 4), 2)                    0.0\n",
      "\n",
      "\n",
      "\n",
      "VERSION 18\n",
      "Distance matrix: 0 step\n",
      "          0         1         2         3         4\n",
      "0  0.000000  0.033938  0.333284  0.551291  0.214108\n",
      "1  0.033938  0.000000  0.320277  0.583182  0.191344\n",
      "2  0.333284  0.320277  0.000000  0.666966  0.151970\n",
      "3  0.551291  0.583182  0.666966  0.000000  0.670444\n",
      "4  0.214108  0.191344  0.151970  0.670444  0.000000\n",
      "\n",
      "Clusters:['0' '1' '2' '3' '4']\n",
      "\n",
      "\n",
      "(0, 1)\n",
      "Clusters: ['(0, 1)' '2' '3' '4']\n",
      "Distance matrix: 1 step\n",
      "          (0, 1)         2         3         4\n",
      "(0, 1)  0.000000  0.326780  0.567237  0.202726\n",
      "2       0.326780  0.000000  0.666966  0.151970\n",
      "3       0.567237  0.666966  0.000000  0.670444\n",
      "4       0.202726  0.151970  0.670444  0.000000\n",
      "\n",
      "\n",
      "\n",
      "(2, 4)\n",
      "Clusters: ['(2, 4)' '(0, 1)' '3']\n",
      "Distance matrix: 2 step\n",
      "          (2, 4)    (0, 1)         3\n",
      "(2, 4)  0.000000  0.262314  0.668705\n",
      "(0, 1)  0.262314  0.000000  0.567237\n",
      "3       0.668705  0.567237  0.000000\n",
      "\n",
      "\n",
      "\n",
      "((2, 4), (0, 1))\n",
      "Clusters: ['((2, 4), (0, 1))' '3']\n",
      "Distance matrix: 3 step\n",
      "                  ((2, 4), (0, 1))         3\n",
      "((2, 4), (0, 1))          0.000000  0.610868\n",
      "3                         0.610868  0.000000\n",
      "\n",
      "\n",
      "\n",
      "(((2, 4), (0, 1)), 3)\n",
      "Clusters: ['(((2, 4), (0, 1)), 3)']\n",
      "Distance matrix: 4 step\n",
      "                       (((2, 4), (0, 1)), 3)\n",
      "(((2, 4), (0, 1)), 3)                    0.0\n",
      "\n",
      "\n",
      "\n",
      "Distance matrix: 0 step\n",
      "          0         1         2         3         4\n",
      "0  0.000000  0.033938  0.333284  0.551291  0.214108\n",
      "1  0.033938  0.000000  0.320277  0.583182  0.191344\n",
      "2  0.333284  0.320277  0.000000  0.666966  0.151970\n",
      "3  0.551291  0.583182  0.666966  0.000000  0.670444\n",
      "4  0.214108  0.191344  0.151970  0.670444  0.000000\n",
      "\n",
      "Clusters:['0' '1' '2' '3' '4']\n",
      "\n",
      "\n",
      "(0, 1)\n",
      "Clusters: ['(0, 1)' '2' '3' '4']\n",
      "Distance matrix: 1 step\n",
      "          (0, 1)         2         3         4\n",
      "(0, 1)  0.000000  0.326780  0.567237  0.202726\n",
      "2       0.326780  0.000000  0.666966  0.151970\n",
      "3       0.567237  0.666966  0.000000  0.670444\n",
      "4       0.202726  0.151970  0.670444  0.000000\n",
      "\n",
      "\n",
      "\n",
      "(2, 4)\n",
      "Clusters: ['(2, 4)' '(0, 1)' '3']\n",
      "Distance matrix: 2 step\n",
      "          (2, 4)    (0, 1)         3\n",
      "(2, 4)  0.000000  0.267192  0.668705\n",
      "(0, 1)  0.267192  0.000000  0.567237\n",
      "3       0.668705  0.567237  0.000000\n",
      "\n",
      "\n",
      "\n",
      "((2, 4), (0, 1))\n",
      "Clusters: ['((2, 4), (0, 1))' '3']\n",
      "Distance matrix: 3 step\n",
      "                  ((2, 4), (0, 1))         3\n",
      "((2, 4), (0, 1))          0.000000  0.625074\n",
      "3                         0.625074  0.000000\n",
      "\n",
      "\n",
      "\n",
      "(((2, 4), (0, 1)), 3)\n",
      "Clusters: ['(((2, 4), (0, 1)), 3)']\n",
      "Distance matrix: 4 step\n",
      "                       (((2, 4), (0, 1)), 3)\n",
      "(((2, 4), (0, 1)), 3)                    0.0\n",
      "\n",
      "\n",
      "\n",
      "VERSION 18\n",
      "Distance matrix: 0 step\n",
      "          0         1         2         3         4\n",
      "0  0.000000  0.136550  0.438043  1.356348  1.224829\n",
      "1  0.136550  0.000000  0.574574  1.489261  1.338381\n",
      "2  0.438043  0.574574  0.000000  0.940061  0.911161\n",
      "3  1.356348  1.489261  0.940061  0.000000  0.500079\n",
      "4  1.224829  1.338381  0.911161  0.500079  0.000000\n",
      "\n",
      "Clusters:['0' '1' '2' '3' '4']\n",
      "\n",
      "\n",
      "(0, 1)\n",
      "Clusters: ['(0, 1)' '2' '3' '4']\n",
      "Distance matrix: 1 step\n",
      "          (0, 1)         2         3         4\n",
      "(0, 1)  0.000000  0.506309  1.422804  1.281605\n",
      "2       0.506309  0.000000  0.940061  0.911161\n",
      "3       1.422804  0.940061  0.000000  0.500079\n",
      "4       1.281605  0.911161  0.500079  0.000000\n",
      "\n",
      "\n",
      "\n",
      "(3, 4)\n",
      "Clusters: ['(3, 4)' '(0, 1)' '2']\n",
      "Distance matrix: 2 step\n",
      "          (3, 4)    (0, 1)         2\n",
      "(3, 4)  0.000000  1.357045  0.925611\n",
      "(0, 1)  1.357045  0.000000  0.506309\n",
      "2       0.925611  0.506309  0.000000\n",
      "\n",
      "\n",
      "\n",
      "((0, 1), 2)\n",
      "Clusters: ['((0, 1), 2)' '(3, 4)']\n",
      "Distance matrix: 3 step\n",
      "             ((0, 1), 2)    (3, 4)\n",
      "((0, 1), 2)     0.000000  1.200211\n",
      "(3, 4)          1.200211  0.000000\n",
      "\n",
      "\n",
      "\n",
      "(((0, 1), 2), (3, 4))\n",
      "Clusters: ['(((0, 1), 2), (3, 4))']\n",
      "Distance matrix: 4 step\n",
      "                       (((0, 1), 2), (3, 4))\n",
      "(((0, 1), 2), (3, 4))                    0.0\n",
      "\n",
      "\n",
      "\n",
      "Distance matrix: 0 step\n",
      "          0         1         2         3         4\n",
      "0  0.000000  0.136550  0.438043  1.356348  1.224829\n",
      "1  0.136550  0.000000  0.574574  1.489261  1.338381\n",
      "2  0.438043  0.574574  0.000000  0.940061  0.911161\n",
      "3  1.356348  1.489261  0.940061  0.000000  0.500079\n",
      "4  1.224829  1.338381  0.911161  0.500079  0.000000\n",
      "\n",
      "Clusters:['0' '1' '2' '3' '4']\n",
      "\n",
      "\n",
      "(0, 1)\n",
      "Clusters: ['(0, 1)' '2' '3' '4']\n",
      "Distance matrix: 1 step\n",
      "          (0, 1)         2         3         4\n",
      "(0, 1)  0.000000  0.506309  1.422804  1.281605\n",
      "2       0.506309  0.000000  0.940061  0.911161\n",
      "3       1.422804  0.940061  0.000000  0.500079\n",
      "4       1.281605  0.911161  0.500079  0.000000\n",
      "\n",
      "\n",
      "\n",
      "(3, 4)\n",
      "Clusters: ['(3, 4)' '(0, 1)' '2']\n",
      "Distance matrix: 2 step\n",
      "          (3, 4)    (0, 1)         2\n",
      "(3, 4)  0.000000  1.347364  0.925611\n",
      "(0, 1)  1.347364  0.000000  0.506309\n",
      "2       0.925611  0.506309  0.000000\n",
      "\n",
      "\n",
      "\n",
      "((0, 1), 2)\n",
      "Clusters: ['((0, 1), 2)' '(3, 4)']\n",
      "Distance matrix: 3 step\n",
      "             ((0, 1), 2)    (3, 4)\n",
      "((0, 1), 2)     0.000000  1.281605\n",
      "(3, 4)          1.281605  0.000000\n",
      "\n",
      "\n",
      "\n",
      "(((0, 1), 2), (3, 4))\n",
      "Clusters: ['(((0, 1), 2), (3, 4))']\n",
      "Distance matrix: 4 step\n",
      "                       (((0, 1), 2), (3, 4))\n",
      "(((0, 1), 2), (3, 4))                    0.0\n",
      "\n",
      "\n",
      "\n",
      "VERSION 18\n",
      "Distance matrix: 0 step\n",
      "          0         1         2         3         4\n",
      "0  0.000000  0.844009  0.213129  0.847398  0.523501\n",
      "1  0.844009  0.000000  0.756437  0.269212  0.322881\n",
      "2  0.213129  0.756437  0.000000  0.826961  0.464545\n",
      "3  0.847398  0.269212  0.826961  0.000000  0.367327\n",
      "4  0.523501  0.322881  0.464545  0.367327  0.000000\n",
      "\n",
      "Clusters:['0' '1' '2' '3' '4']\n",
      "\n",
      "\n",
      "(0, 2)\n",
      "Clusters: ['(0, 2)' '1' '3' '4']\n",
      "Distance matrix: 1 step\n",
      "          (0, 2)         1         3         4\n",
      "(0, 2)  0.000000  0.800223  0.837179  0.494023\n",
      "1       0.800223  0.000000  0.269212  0.322881\n",
      "3       0.837179  0.269212  0.000000  0.367327\n",
      "4       0.494023  0.322881  0.367327  0.000000\n",
      "\n",
      "\n",
      "\n",
      "(1, 3)\n",
      "Clusters: ['(1, 3)' '(0, 2)' '4']\n",
      "Distance matrix: 2 step\n",
      "          (1, 3)    (0, 2)         4\n",
      "(1, 3)  0.000000  0.801917  0.345104\n",
      "(0, 2)  0.801917  0.000000  0.494023\n",
      "4       0.345104  0.494023  0.000000\n",
      "\n",
      "\n",
      "\n",
      "((1, 3), 4)\n",
      "Clusters: ['((1, 3), 4)' '(0, 2)']\n",
      "Distance matrix: 3 step\n",
      "             ((1, 3), 4)    (0, 2)\n",
      "((1, 3), 4)     0.000000  0.655971\n",
      "(0, 2)          0.655971  0.000000\n",
      "\n",
      "\n",
      "\n",
      "(((1, 3), 4), (0, 2))\n",
      "Clusters: ['(((1, 3), 4), (0, 2))']\n",
      "Distance matrix: 4 step\n",
      "                       (((1, 3), 4), (0, 2))\n",
      "(((1, 3), 4), (0, 2))                    0.0\n",
      "\n",
      "\n",
      "\n",
      "Distance matrix: 0 step\n",
      "          0         1         2         3         4\n",
      "0  0.000000  0.844009  0.213129  0.847398  0.523501\n",
      "1  0.844009  0.000000  0.756437  0.269212  0.322881\n",
      "2  0.213129  0.756437  0.000000  0.826961  0.464545\n",
      "3  0.847398  0.269212  0.826961  0.000000  0.367327\n",
      "4  0.523501  0.322881  0.464545  0.367327  0.000000\n",
      "\n",
      "Clusters:['0' '1' '2' '3' '4']\n",
      "\n",
      "\n",
      "(0, 2)\n",
      "Clusters: ['(0, 2)' '1' '3' '4']\n",
      "Distance matrix: 1 step\n",
      "          (0, 2)         1         3         4\n",
      "(0, 2)  0.000000  0.800223  0.837179  0.494023\n",
      "1       0.800223  0.000000  0.269212  0.322881\n",
      "3       0.837179  0.269212  0.000000  0.367327\n",
      "4       0.494023  0.322881  0.367327  0.000000\n",
      "\n",
      "\n",
      "\n",
      "(1, 3)\n",
      "Clusters: ['(1, 3)' '(0, 2)' '4']\n",
      "Distance matrix: 2 step\n",
      "          (1, 3)    (0, 2)         4\n",
      "(1, 3)  0.000000  0.835485  0.345104\n",
      "(0, 2)  0.835485  0.000000  0.494023\n",
      "4       0.345104  0.494023  0.000000\n",
      "\n",
      "\n",
      "\n",
      "((1, 3), 4)\n",
      "Clusters: ['((1, 3), 4)' '(0, 2)']\n",
      "Distance matrix: 3 step\n",
      "             ((1, 3), 4)    (0, 2)\n",
      "((1, 3), 4)     0.000000  0.791699\n",
      "(0, 2)          0.791699  0.000000\n",
      "\n",
      "\n",
      "\n",
      "(((1, 3), 4), (0, 2))\n",
      "Clusters: ['(((1, 3), 4), (0, 2))']\n",
      "Distance matrix: 4 step\n",
      "                       (((1, 3), 4), (0, 2))\n",
      "(((1, 3), 4), (0, 2))                    0.0\n",
      "\n",
      "\n",
      "\n"
     ]
    }
   ],
   "source": [
    "MetricsFullExp = {\n",
    "    'single_linked': [],\n",
    "    'complete_linked': [],\n",
    "    'group_average_linked': [],\n",
    "    'weighted_average_linked': [],\n",
    "    'min_max_linked': [],\n",
    "    'median_linked': []\n",
    "}\n",
    "\n",
    "size = 150\n",
    "sample_size = 5\n",
    "n_iter = 10\n",
    "points = get_gen_sample(size)\n",
    "ssamples = []\n",
    "calc_metric = 'norm_sum_abs'\n",
    "\n",
    "for _ in range(n_iter):\n",
