{
 "cells": [
  {
   "attachments": {},
   "cell_type": "markdown",
   "metadata": {},
   "source": [
    "# Подключаем библиотеки"
   ]
  },
  {
   "cell_type": "code",
   "execution_count": 1,
   "metadata": {},
   "outputs": [],
   "source": [
    "import numpy as np\n",
    "import scipy.stats as sts\n",
    "from UltrametricMatrix import ultramatrix\n",
    "from HierarchyClusteringWithoutLogs import hierarchy\n",
    "from MinMaxHierarchy import MinMaxHierarchy\n",
    "from MedianHierarchy import MedianHierarchy\n",
    "from Linkages import single_linked\n",
    "from Linkages import complete_linked\n",
    "from Linkages import group_average_linked\n",
    "from Linkages import weighted_average_linked\n",
    "import pandas as pd\n",
    "import seaborn as sns"
   ]
  },
  {
   "attachments": {},
   "cell_type": "markdown",
   "metadata": {},
   "source": [
    "Создаем словарик, в котором указываем каждому методу соответствующую функцию"
   ]
  },
  {
   "cell_type": "code",
   "execution_count": 2,
   "metadata": {},
   "outputs": [],
   "source": [
    "Methods_N_Func = {\n",
    "    'single_linked': single_linked,\n",
    "    'complete_linked': complete_linked,\n",
    "    'group_average_linked': group_average_linked,\n",
    "    'weighted_average_linked': weighted_average_linked,\n",
    "    'min_max_linked': MinMaxHierarchy,\n",
    "    'median_linked': MedianHierarchy\n",
    "}"
   ]
  },
  {
   "attachments": {},
   "cell_type": "markdown",
   "metadata": {},
   "source": [
    "# Описание функций"
   ]
  },
  {
   "attachments": {},
   "cell_type": "markdown",
   "metadata": {},
   "source": [
    "Функция `pipe(points, method)` считает метрики исходя из заданных кластеров и методов"
   ]
  },
  {
   "cell_type": "code",
   "execution_count": 3,
   "metadata": {},
   "outputs": [],
   "source": [
    "def pipe(points, method):\n",
    "    if method.__name__ == 'MinMaxHierarchy':\n",
    "        logs = MinMaxHierarchy(points, metric='euclidean')\n",
    "    elif method.__name__ == 'MedianHierarchy':\n",
    "        logs = MedianHierarchy(points, metric='euclidean')\n",
    "    else:\n",
    "        logs = hierarchy(points, metric='euclidean', method=method)\n",
    "    \n",
    "    start_matrix = logs[1]\n",
    "    finish_matrix = ultramatrix(logs[0], logs[2])\n",
    "\n",
    "    max_abs = np.max(np.abs(start_matrix - finish_matrix))\n",
    "\n",
    "    n_points = len(start_matrix) \n",
    "    N_edge = n_points * (n_points - 1) / 2\n",
    "    norm_sum_abs = np.sum(np.abs(finish_matrix - start_matrix)) / N_edge\n",
    "\n",
    "    return max_abs, norm_sum_abs"
   ]
  },
  {
   "attachments": {},
   "cell_type": "markdown",
   "metadata": {},
   "source": [
    "Функция `get_gen_sample(size)` генерирует кластеры"
   ]
  },
  {
   "cell_type": "code",
   "execution_count": 4,
   "metadata": {},
   "outputs": [],
   "source": [
    "def get_gen_sample(size):\n",
    "    N = int(size / 3)\n",
    "\n",
    "    norm1 = sts.norm(1, 0.2)\n",
    "    norm2 = sts.norm(1.5, 0.1)\n",
    "    norm3 = sts.norm(2, 0.2)\n",
    "\n",
    "    x = np.append(norm1.rvs(N), np.append(norm2.rvs(N), norm3.rvs(N), axis=0), axis=0)\n",
    "    y = np.append(norm1.rvs(N), np.append(norm2.rvs(N), norm3.rvs(N), axis=0), axis=0)\n",
    "\n",
    "    points = list(zip(x, y))\n",
    "\n",
    "    return np.array(points)"
   ]
  },
  {
   "attachments": {},
   "cell_type": "markdown",
   "metadata": {},
   "source": [
    "Функция `times_when_method_better(results, res_column)` создает матрицу, которая показывает соотношение количества раз, когда метрика по указанному в строке методу оказалась меньше, чем метрика по указанному в столбце методу, к общему количеству экспериментов"
   ]
  },
  {
   "cell_type": "code",
   "execution_count": 5,
   "metadata": {},
   "outputs": [],
   "source": [
    "def times_when_method_better(results):\n",
    "\n",
    "    ResultsMatrix = pd.DataFrame(columns=results.columns, index=results.columns)\n",
    "\n",
    "    for col in results.columns:\n",
    "        for ind in results.columns:\n",
    "            res = results[results[ind] < results[col]].shape[0] / results.shape[0]\n",
    "            ResultsMatrix[col][ind] = res\n",
    "\n",
    "    return ResultsMatrix.astype(float)"
   ]
  },
  {
   "attachments": {},
   "cell_type": "markdown",
   "metadata": {},
   "source": [
    "# Основаной скрипт"
   ]
  },
  {
   "attachments": {},
   "cell_type": "markdown",
   "metadata": {},
   "source": [
    "Основной скрипт, который запускает процесс генерации и посчета метрик"
   ]
  },
  {
   "cell_type": "code",
   "execution_count": 6,
   "metadata": {},
   "outputs": [
    {
     "name": "stdout",
     "output_type": "stream",
     "text": [
      "VERSION 18\n",
      "Distance matrix: 0 step\n",
      "          0         1         2         3         4         5         6   \\\n",
      "0   0.000000  0.621155  0.831731  0.336096  0.853582  0.207779  0.225901   \n",
      "1   0.621155  0.000000  1.403818  0.315709  1.461742  0.788744  0.790154   \n",
      "2   0.831731  1.403818  0.000000  1.088158  0.217782  0.629373  0.620647   \n",
      "3   0.336096  0.315709  1.088158  0.000000  1.151302  0.478326  0.477256   \n",
      "4   0.853582  1.461742  0.217782  1.151302  0.000000  0.673335  0.674525   \n",
      "5   0.207779  0.788744  0.629373  0.478326  0.673335  0.000000  0.030564   \n",
      "6   0.225901  0.790154  0.620647  0.477256  0.674525  0.030564  0.000000   \n",
      "7   0.102451  0.715591  0.777156  0.437875  0.777890  0.190934  0.218486   \n",
      "8   0.882659  1.377334  0.271704  1.068174  0.489485  0.676647  0.656759   \n",
      "9   0.373526  0.974206  0.462070  0.664513  0.487538  0.186189  0.190822   \n",
      "10  0.225767  0.761338  0.644125  0.446596  0.708646  0.069442  0.044477   \n",
      "11  0.731298  0.156627  1.537666  0.456124  1.582763  0.914015  0.918705   \n",
      "12  0.783057  1.316132  0.160790  1.001878  0.370037  0.575288  0.559515   \n",
      "13  0.324143  0.931519  0.514891  0.624794  0.531609  0.149749  0.161634   \n",
      "14  0.807826  0.285276  1.629538  0.564400  1.661129  1.001149  1.008896   \n",
      "15  0.551075  0.304848  1.208217  0.233908  1.303812  0.649319  0.639357   \n",
      "16  0.496281  0.172048  1.312786  0.261499  1.349380  0.685023  0.692152   \n",
      "17  0.261186  0.813162  0.593341  0.498651  0.656608  0.064147  0.036536   \n",
      "18  0.391956  0.698223  1.109753  0.562726  1.062034  0.563262  0.590172   \n",
      "19  0.823896  1.373006  0.094481  1.057787  0.311322  0.617115  0.604074   \n",
      "\n",
      "          7         8         9         10        11        12        13  \\\n",
      "0   0.102451  0.882659  0.373526  0.225767  0.731298  0.783057  0.324143   \n",
      "1   0.715591  1.377334  0.974206  0.761338  0.156627  1.316132  0.931519   \n",
      "2   0.777156  0.271704  0.462070  0.644125  1.537666  0.160790  0.514891   \n",
      "3   0.437875  1.068174  0.664513  0.446596  0.456124  1.001878  0.624794   \n",
      "4   0.777890  0.489485  0.487538  0.708646  1.582763  0.370037  0.531609   \n",
      "5   0.190934  0.676647  0.186189  0.069442  0.914015  0.575288  0.149749   \n",
      "6   0.218486  0.656759  0.190822  0.044477  0.918705  0.559515  0.161634   \n",
      "7   0.000000  0.857778  0.315348  0.237920  0.818189  0.746707  0.262274   \n",
      "8   0.857778  0.000000  0.562560  0.662720  1.523915  0.142457  0.613547   \n",
      "9   0.315348  0.562560  0.000000  0.229976  1.096831  0.439733  0.053556   \n",
      "10  0.237920  0.662720  0.229976  0.000000  0.893545  0.573104  0.204643   \n",
      "11  0.818189  1.523915  1.096831  0.893545  0.000000  1.457167  1.051179   \n",
      "12  0.746707  0.142457  0.439733  0.573104  1.457167  0.000000  0.492516   \n",
      "13  0.262274  0.613547  0.053556  0.204643  1.051179  0.492516  0.000000   \n",
      "14  0.886509  1.630707  1.179687  0.987512  0.132166  1.557351  1.131624   \n",
      "15  0.653224  1.137339  0.829738  0.600029  0.459126  1.097939  0.798932   \n",
      "16  0.581548  1.317298  0.865275  0.670571  0.236800  1.241059  0.818314   \n",
      "17  0.254506  0.621748  0.180991  0.052231  0.944464  0.526921  0.161766   \n",
      "18  0.372423  1.222363  0.663601  0.604699  0.730921  1.103312  0.610858   \n",
      "19  0.779882  0.179290  0.466671  0.621698  1.511632  0.073682  0.520208   \n",
      "\n",
      "          14        15        16        17        18        19  \n",
      "0   0.807826  0.551075  0.496281  0.261186  0.391956  0.823896  \n",
      "1   0.285276  0.304848  0.172048  0.813162  0.698223  1.373006  \n",
      "2   1.629538  1.208217  1.312786  0.593341  1.109753  0.094481  \n",
      "3   0.564400  0.233908  0.261499  0.498651  0.562726  1.057787  \n",
      "4   1.661129  1.303812  1.349380  0.656608  1.062034  0.311322  \n",
      "5   1.001149  0.649319  0.685023  0.064147  0.563262  0.617115  \n",
      "6   1.008896  0.639357  0.692152  0.036536  0.590172  0.604074  \n",
      "7   0.886509  0.653224  0.581548  0.254506  0.372423  0.779882  \n",
      "8   1.630707  1.137339  1.317298  0.621748  1.222363  0.179290  \n",
      "9   1.179687  0.829738  0.865275  0.180991  0.663601  0.466671  \n",
      "10  0.987512  0.600029  0.670571  0.052231  0.604699  0.621698  \n",
      "11  0.132166  0.459126  0.236800  0.944464  0.730921  1.511632  \n",
      "12  1.557351  1.097939  1.241059  0.526921  1.103312  0.073682  \n",
      "13  1.131624  0.798932  0.818314  0.161766  0.610858  0.520208  \n",
      "14  0.000000  0.589765  0.316958  1.037062  0.743149  1.608883  \n",
      "15  0.589765  0.000000  0.375532  0.650694  0.792367  1.162135  \n",
      "16  0.316958  0.375532  0.000000  0.720118  0.526666  1.292044  \n",
      "17  1.037062  0.650694  0.720118  0.000000  0.626475  0.573342  \n",
      "18  0.743149  0.792367  0.526666  0.626475  0.000000  1.127637  \n",
      "19  1.608883  1.162135  1.292044  0.573342  1.127637  0.000000  \n",
      "\n",
      "Clusters:['0' '1' '2' '3' '4' '5' '6' '7' '8' '9' '10' '11' '12' '13' '14' '15'\n",
      " '16' '17' '18' '19']\n",
      "\n",
      "\n",
      "(5, 6)\n",
      "Clusters: ['(5, 6)' '0' '1' '2' '3' '4' '7' '8' '9' '10' '11' '12' '13' '14' '15'\n",
      " '16' '17' '18' '19']\n",
      "Distance matrix: 1 step\n",
      "          (5, 6)         0         1         2         3         4         7  \\\n",
      "(5, 6)  0.000000  0.216840  0.789449  0.625010  0.477791  0.673930  0.204710   \n",
      "0       0.216840  0.000000  0.621155  0.831731  0.336096  0.853582  0.102451   \n",
      "1       0.789449  0.621155  0.000000  1.403818  0.315709  1.461742  0.715591   \n",
      "2       0.625010  0.831731  1.403818  0.000000  1.088158  0.217782  0.777156   \n",
      "3       0.477791  0.336096  0.315709  1.088158  0.000000  1.151302  0.437875   \n",
      "4       0.673930  0.853582  1.461742  0.217782  1.151302  0.000000  0.777890   \n",
      "7       0.204710  0.102451  0.715591  0.777156  0.437875  0.777890  0.000000   \n",
      "8       0.666703  0.882659  1.377334  0.271704  1.068174  0.489485  0.857778   \n",
      "9       0.188506  0.373526  0.974206  0.462070  0.664513  0.487538  0.315348   \n",
      "10      0.056959  0.225767  0.761338  0.644125  0.446596  0.708646  0.237920   \n",
      "11      0.916360  0.731298  0.156627  1.537666  0.456124  1.582763  0.818189   \n",
      "12      0.567401  0.783057  1.316132  0.160790  1.001878  0.370037  0.746707   \n",
      "13      0.155692  0.324143  0.931519  0.514891  0.624794  0.531609  0.262274   \n",
      "14      1.005022  0.807826  0.285276  1.629538  0.564400  1.661129  0.886509   \n",
      "15      0.644338  0.551075  0.304848  1.208217  0.233908  1.303812  0.653224   \n",
      "16      0.688588  0.496281  0.172048  1.312786  0.261499  1.349380  0.581548   \n",
      "17      0.050341  0.261186  0.813162  0.593341  0.498651  0.656608  0.254506   \n",
      "18      0.576717  0.391956  0.698223  1.109753  0.562726  1.062034  0.372423   \n",
      "19      0.610594  0.823896  1.373006  0.094481  1.057787  0.311322  0.779882   \n",
      "\n",
      "               8         9        10        11        12        13        14  \\\n",
      "(5, 6)  0.666703  0.188506  0.056959  0.916360  0.567401  0.155692  1.005022   \n",
      "0       0.882659  0.373526  0.225767  0.731298  0.783057  0.324143  0.807826   \n",
      "1       1.377334  0.974206  0.761338  0.156627  1.316132  0.931519  0.285276   \n",
      "2       0.271704  0.462070  0.644125  1.537666  0.160790  0.514891  1.629538   \n",
      "3       1.068174  0.664513  0.446596  0.456124  1.001878  0.624794  0.564400   \n",
      "4       0.489485  0.487538  0.708646  1.582763  0.370037  0.531609  1.661129   \n",
      "7       0.857778  0.315348  0.237920  0.818189  0.746707  0.262274  0.886509   \n",
      "8       0.000000  0.562560  0.662720  1.523915  0.142457  0.613547  1.630707   \n",
      "9       0.562560  0.000000  0.229976  1.096831  0.439733  0.053556  1.179687   \n",
      "10      0.662720  0.229976  0.000000  0.893545  0.573104  0.204643  0.987512   \n",
      "11      1.523915  1.096831  0.893545  0.000000  1.457167  1.051179  0.132166   \n",
      "12      0.142457  0.439733  0.573104  1.457167  0.000000  0.492516  1.557351   \n",
      "13      0.613547  0.053556  0.204643  1.051179  0.492516  0.000000  1.131624   \n",
      "14      1.630707  1.179687  0.987512  0.132166  1.557351  1.131624  0.000000   \n",
      "15      1.137339  0.829738  0.600029  0.459126  1.097939  0.798932  0.589765   \n",
      "16      1.317298  0.865275  0.670571  0.236800  1.241059  0.818314  0.316958   \n",
      "17      0.621748  0.180991  0.052231  0.944464  0.526921  0.161766  1.037062   \n",
      "18      1.222363  0.663601  0.604699  0.730921  1.103312  0.610858  0.743149   \n",
      "19      0.179290  0.466671  0.621698  1.511632  0.073682  0.520208  1.608883   \n",
      "\n",
      "              15        16        17        18        19  \n",
      "(5, 6)  0.644338  0.688588  0.050341  0.576717  0.610594  \n",
      "0       0.551075  0.496281  0.261186  0.391956  0.823896  \n",
      "1       0.304848  0.172048  0.813162  0.698223  1.373006  \n",
      "2       1.208217  1.312786  0.593341  1.109753  0.094481  \n",
      "3       0.233908  0.261499  0.498651  0.562726  1.057787  \n",
      "4       1.303812  1.349380  0.656608  1.062034  0.311322  \n",
      "7       0.653224  0.581548  0.254506  0.372423  0.779882  \n",
      "8       1.137339  1.317298  0.621748  1.222363  0.179290  \n",
      "9       0.829738  0.865275  0.180991  0.663601  0.466671  \n",
      "10      0.600029  0.670571  0.052231  0.604699  0.621698  \n",
      "11      0.459126  0.236800  0.944464  0.730921  1.511632  \n",
      "12      1.097939  1.241059  0.526921  1.103312  0.073682  \n",
      "13      0.798932  0.818314  0.161766  0.610858  0.520208  \n",
      "14      0.589765  0.316958  1.037062  0.743149  1.608883  \n",
      "15      0.000000  0.375532  0.650694  0.792367  1.162135  \n",
      "16      0.375532  0.000000  0.720118  0.526666  1.292044  \n",
      "17      0.650694  0.720118  0.000000  0.626475  0.573342  \n",
      "18      0.792367  0.526666  0.626475  0.000000  1.127637  \n",
      "19      1.162135  1.292044  0.573342  1.127637  0.000000  \n",
      "\n",
      "\n",
      "\n",
      "((5, 6), 17)\n",
      "Clusters: ['((5, 6), 17)' '0' '1' '2' '3' '4' '7' '8' '9' '10' '11' '12' '13' '14'\n",
      " '15' '16' '18' '19']\n",
      "Distance matrix: 2 step\n",
      "              ((5, 6), 17)         0         1         2         3         4  \\\n",
      "((5, 6), 17)      0.000000  0.234482  0.800953  0.611357  0.487954  0.665566   \n",
      "0                 0.234482  0.000000  0.621155  0.831731  0.336096  0.853582   \n",
      "1                 0.800953  0.621155  0.000000  1.403818  0.315709  1.461742   \n",
      "2                 0.611357  0.831731  1.403818  0.000000  1.088158  0.217782   \n",
      "3                 0.487954  0.336096  0.315709  1.088158  0.000000  1.151302   \n",
      "4                 0.665566  0.853582  1.461742  0.217782  1.151302  0.000000   \n",
      "7                 0.222720  0.102451  0.715591  0.777156  0.437875  0.777890   \n",
      "8                 0.649198  0.882659  1.377334  0.271704  1.068174  0.489485   \n",
      "9                 0.185906  0.373526  0.974206  0.462070  0.664513  0.487538   \n",
      "10                0.056959  0.225767  0.761338  0.644125  0.446596  0.708646   \n",
      "11                0.929239  0.731298  0.156627  1.537666  0.456124  1.582763   \n",
      "12                0.551104  0.783057  1.316132  0.160790  1.001878  0.370037   \n",
      "13                0.155757  0.324143  0.931519  0.514891  0.624794  0.531609   \n",
      "14                1.019106  0.807826  0.285276  1.629538  0.564400  1.661129   \n",
      "15                0.645026  0.551075  0.304848  1.208217  0.233908  1.303812   \n",
      "16                0.702570  0.496281  0.172048  1.312786  0.261499  1.349380   \n",
      "18                0.594869  0.391956  0.698223  1.109753  0.562726  1.062034   \n",
      "19                0.595228  0.823896  1.373006  0.094481  1.057787  0.311322   \n",
      "\n",
      "                     7         8         9        10        11        12  \\\n",
      "((5, 6), 17)  0.222720  0.649198  0.185906  0.056959  0.929239  0.551104   \n",
      "0             0.102451  0.882659  0.373526  0.225767  0.731298  0.783057   \n",
      "1             0.715591  1.377334  0.974206  0.761338  0.156627  1.316132   \n",
      "2             0.777156  0.271704  0.462070  0.644125  1.537666  0.160790   \n",
      "3             0.437875  1.068174  0.664513  0.446596  0.456124  1.001878   \n",
      "4             0.777890  0.489485  0.487538  0.708646  1.582763  0.370037   \n",
      "7             0.000000  0.857778  0.315348  0.237920  0.818189  0.746707   \n",
      "8             0.857778  0.000000  0.562560  0.662720  1.523915  0.142457   \n",
      "9             0.315348  0.562560  0.000000  0.229976  1.096831  0.439733   \n",
      "10            0.237920  0.662720  0.229976  0.000000  0.893545  0.573104   \n",
      "11            0.818189  1.523915  1.096831  0.893545  0.000000  1.457167   \n",
      "12            0.746707  0.142457  0.439733  0.573104  1.457167  0.000000   \n",
      "13            0.262274  0.613547  0.053556  0.204643  1.051179  0.492516   \n",
      "14            0.886509  1.630707  1.179687  0.987512  0.132166  1.557351   \n",
      "15            0.653224  1.137339  0.829738  0.600029  0.459126  1.097939   \n",
      "16            0.581548  1.317298  0.865275  0.670571  0.236800  1.241059   \n",
      "18            0.372423  1.222363  0.663601  0.604699  0.730921  1.103312   \n",
      "19            0.779882  0.179290  0.466671  0.621698  1.511632  0.073682   \n",
      "\n",
      "                    13        14        15        16        18        19  \n",
      "((5, 6), 17)  0.155757  1.019106  0.645026  0.702570  0.594869  0.595228  \n",
      "0             0.324143  0.807826  0.551075  0.496281  0.391956  0.823896  \n",
      "1             0.931519  0.285276  0.304848  0.172048  0.698223  1.373006  \n",
      "2             0.514891  1.629538  1.208217  1.312786  1.109753  0.094481  \n",
      "3             0.624794  0.564400  0.233908  0.261499  0.562726  1.057787  \n",
      "4             0.531609  1.661129  1.303812  1.349380  1.062034  0.311322  \n",
      "7             0.262274  0.886509  0.653224  0.581548  0.372423  0.779882  \n",
      "8             0.613547  1.630707  1.137339  1.317298  1.222363  0.179290  \n",
      "9             0.053556  1.179687  0.829738  0.865275  0.663601  0.466671  \n",
      "10            0.204643  0.987512  0.600029  0.670571  0.604699  0.621698  \n",
      "11            1.051179  0.132166  0.459126  0.236800  0.730921  1.511632  \n",
      "12            0.492516  1.557351  1.097939  1.241059  1.103312  0.073682  \n",
      "13            0.000000  1.131624  0.798932  0.818314  0.610858  0.520208  \n",
      "14            1.131624  0.000000  0.589765  0.316958  0.743149  1.608883  \n",
      "15            0.798932  0.589765  0.000000  0.375532  0.792367  1.162135  \n",
      "16            0.818314  0.316958  0.375532  0.000000  0.526666  1.292044  \n",
      "18            0.610858  0.743149  0.792367  0.526666  0.000000  1.127637  \n",
      "19            0.520208  1.608883  1.162135  1.292044  1.127637  0.000000  \n",
      "\n",
      "\n",
      "\n",
      "(9, 13)\n",
      "Clusters: ['(9, 13)' '((5, 6), 17)' '0' '1' '2' '3' '4' '7' '8' '10' '11' '12' '14'\n",
      " '15' '16' '18' '19']\n",
      "Distance matrix: 3 step\n",
      "               (9, 13)  ((5, 6), 17)         0         1         2         3  \\\n",
      "(9, 13)       0.000000      0.170286  0.348835  0.952862  0.488480  0.644654   \n",
      "((5, 6), 17)  0.170286      0.000000  0.234482  0.800953  0.611357  0.487954   \n",
      "0             0.348835      0.234482  0.000000  0.621155  0.831731  0.336096   \n",
      "1             0.952862      0.800953  0.621155  0.000000  1.403818  0.315709   \n",
      "2             0.488480      0.611357  0.831731  1.403818  0.000000  1.088158   \n",
      "3             0.644654      0.487954  0.336096  0.315709  1.088158  0.000000   \n",
      "4             0.509573      0.665566  0.853582  1.461742  0.217782  1.151302   \n",
      "7             0.288811      0.222720  0.102451  0.715591  0.777156  0.437875   \n",
      "8             0.588053      0.649198  0.882659  1.377334  0.271704  1.068174   \n",
      "10            0.217310      0.056959  0.225767  0.761338  0.644125  0.446596   \n",
      "11            1.074005      0.929239  0.731298  0.156627  1.537666  0.456124   \n",
      "12            0.466125      0.551104  0.783057  1.316132  0.160790  1.001878   \n",
      "14            1.155656      1.019106  0.807826  0.285276  1.629538  0.564400   \n",
      "15            0.814335      0.645026  0.551075  0.304848  1.208217  0.233908   \n",
      "16            0.841794      0.702570  0.496281  0.172048  1.312786  0.261499   \n",
      "18            0.637230      0.594869  0.391956  0.698223  1.109753  0.562726   \n",
      "19            0.493440      0.595228  0.823896  1.373006  0.094481  1.057787   \n",
      "\n",
      "                     4         7         8        10        11        12  \\\n",
      "(9, 13)       0.509573  0.288811  0.588053  0.217310  1.074005  0.466125   \n",
      "((5, 6), 17)  0.665566  0.222720  0.649198  0.056959  0.929239  0.551104   \n",
      "0             0.853582  0.102451  0.882659  0.225767  0.731298  0.783057   \n",
      "1             1.461742  0.715591  1.377334  0.761338  0.156627  1.316132   \n",
      "2             0.217782  0.777156  0.271704  0.644125  1.537666  0.160790   \n",
      "3             1.151302  0.437875  1.068174  0.446596  0.456124  1.001878   \n",
      "4             0.000000  0.777890  0.489485  0.708646  1.582763  0.370037   \n",
      "7             0.777890  0.000000  0.857778  0.237920  0.818189  0.746707   \n",
      "8             0.489485  0.857778  0.000000  0.662720  1.523915  0.142457   \n",
      "10            0.708646  0.237920  0.662720  0.000000  0.893545  0.573104   \n",
      "11            1.582763  0.818189  1.523915  0.893545  0.000000  1.457167   \n",
      "12            0.370037  0.746707  0.142457  0.573104  1.457167  0.000000   \n",
      "14            1.661129  0.886509  1.630707  0.987512  0.132166  1.557351   \n",
      "15            1.303812  0.653224  1.137339  0.600029  0.459126  1.097939   \n",
      "16            1.349380  0.581548  1.317298  0.670571  0.236800  1.241059   \n",
      "18            1.062034  0.372423  1.222363  0.604699  0.730921  1.103312   \n",
      "19            0.311322  0.779882  0.179290  0.621698  1.511632  0.073682   \n",
      "\n",
      "                    14        15        16        18        19  \n",
      "(9, 13)       1.155656  0.814335  0.841794  0.637230  0.493440  \n",
      "((5, 6), 17)  1.019106  0.645026  0.702570  0.594869  0.595228  \n",
      "0             0.807826  0.551075  0.496281  0.391956  0.823896  \n",
      "1             0.285276  0.304848  0.172048  0.698223  1.373006  \n",
      "2             1.629538  1.208217  1.312786  1.109753  0.094481  \n",
      "3             0.564400  0.233908  0.261499  0.562726  1.057787  \n",
      "4             1.661129  1.303812  1.349380  1.062034  0.311322  \n",
      "7             0.886509  0.653224  0.581548  0.372423  0.779882  \n",
      "8             1.630707  1.137339  1.317298  1.222363  0.179290  \n",
      "10            0.987512  0.600029  0.670571  0.604699  0.621698  \n",
      "11            0.132166  0.459126  0.236800  0.730921  1.511632  \n",
      "12            1.557351  1.097939  1.241059  1.103312  0.073682  \n",
      "14            0.000000  0.589765  0.316958  0.743149  1.608883  \n",
      "15            0.589765  0.000000  0.375532  0.792367  1.162135  \n",
      "16            0.316958  0.375532  0.000000  0.526666  1.292044  \n",
      "18            0.743149  0.792367  0.526666  0.000000  1.127637  \n",
      "19            1.608883  1.162135  1.292044  1.127637  0.000000  \n",
      "\n",
      "\n",
      "\n",
      "(((5, 6), 17), 10)\n",
      "Clusters: ['(((5, 6), 17), 10)' '(9, 13)' '0' '1' '2' '3' '4' '7' '8' '11' '12' '14'\n",
      " '15' '16' '18' '19']\n",
      "Distance matrix: 4 step\n",
      "                    (((5, 6), 17), 10)   (9, 13)         0         1  \\\n",
      "(((5, 6), 17), 10)            0.000000  0.189863  0.234482  0.787250   \n",
      "(9, 13)                       0.189863  0.000000  0.348835  0.952862   \n",
      "0                             0.234482  0.348835  0.000000  0.621155   \n",
      "1                             0.787250  0.952862  0.621155  0.000000   \n",
      "2                             0.618733  0.488480  0.831731  1.403818   \n",
      "3                             0.472624  0.644654  0.336096  0.315709   \n",
      "4                             0.682627  0.509573  0.853582  1.461742   \n",
      "7                             0.222720  0.288811  0.102451  0.715591   \n",
      "8                             0.649198  0.588053  0.882659  1.377334   \n",
      "11                            0.919005  1.074005  0.731298  0.156627   \n",
      "12                            0.551104  0.466125  0.783057  1.316132   \n",
      "14                            1.012287  1.155656  0.807826  0.285276   \n",
      "15                            0.625361  0.814335  0.551075  0.304848   \n",
      "16                            0.695345  0.841794  0.496281  0.172048   \n",
      "18                            0.594869  0.637230  0.391956  0.698223   \n",
      "19                            0.597520  0.493440  0.823896  1.373006   \n",
      "\n",
      "                           2         3         4         7         8  \\\n",
      "(((5, 6), 17), 10)  0.618733  0.472624  0.682627  0.222720  0.649198   \n",
      "(9, 13)             0.488480  0.644654  0.509573  0.288811  0.588053   \n",
      "0                   0.831731  0.336096  0.853582  0.102451  0.882659   \n",
      "1                   1.403818  0.315709  1.461742  0.715591  1.377334   \n",
      "2                   0.000000  1.088158  0.217782  0.777156  0.271704   \n",
      "3                   1.088158  0.000000  1.151302  0.437875  1.068174   \n",
      "4                   0.217782  1.151302  0.000000  0.777890  0.489485   \n",
      "7                   0.777156  0.437875  0.777890  0.000000  0.857778   \n",
      "8                   0.271704  1.068174  0.489485  0.857778  0.000000   \n",
      "11                  1.537666  0.456124  1.582763  0.818189  1.523915   \n",
      "12                  0.160790  1.001878  0.370037  0.746707  0.142457   \n",
      "14                  1.629538  0.564400  1.661129  0.886509  1.630707   \n",
      "15                  1.208217  0.233908  1.303812  0.653224  1.137339   \n",
      "16                  1.312786  0.261499  1.349380  0.581548  1.317298   \n",
      "18                  1.109753  0.562726  1.062034  0.372423  1.222363   \n",
      "19                  0.094481  1.057787  0.311322  0.779882  0.179290   \n",
      "\n",
      "                          11        12        14        15        16  \\\n",
      "(((5, 6), 17), 10)  0.919005  0.551104  1.012287  0.625361  0.695345   \n",
      "(9, 13)             1.074005  0.466125  1.155656  0.814335  0.841794   \n",
      "0                   0.731298  0.783057  0.807826  0.551075  0.496281   \n",
      "1                   0.156627  1.316132  0.285276  0.304848  0.172048   \n",
      "2                   1.537666  0.160790  1.629538  1.208217  1.312786   \n",
      "3                   0.456124  1.001878  0.564400  0.233908  0.261499   \n",
      "4                   1.582763  0.370037  1.661129  1.303812  1.349380   \n",
      "7                   0.818189  0.746707  0.886509  0.653224  0.581548   \n",
      "8                   1.523915  0.142457  1.630707  1.137339  1.317298   \n",
      "11                  0.000000  1.457167  0.132166  0.459126  0.236800   \n",
      "12                  1.457167  0.000000  1.557351  1.097939  1.241059   \n",
      "14                  0.132166  1.557351  0.000000  0.589765  0.316958   \n",
      "15                  0.459126  1.097939  0.589765  0.000000  0.375532   \n",
      "16                  0.236800  1.241059  0.316958  0.375532  0.000000   \n",
      "18                  0.730921  1.103312  0.743149  0.792367  0.526666   \n",
      "19                  1.511632  0.073682  1.608883  1.162135  1.292044   \n",
      "\n",
      "                          18        19  \n",
      "(((5, 6), 17), 10)  0.594869  0.597520  \n",
      "(9, 13)             0.637230  0.493440  \n",
      "0                   0.391956  0.823896  \n",
      "1                   0.698223  1.373006  \n",
      "2                   1.109753  0.094481  \n",
      "3                   0.562726  1.057787  \n",
      "4                   1.062034  0.311322  \n",
      "7                   0.372423  0.779882  \n",
      "8                   1.222363  0.179290  \n",
      "11                  0.730921  1.511632  \n",
      "12                  1.103312  0.073682  \n",
      "14                  0.743149  1.608883  \n",
      "15                  0.792367  1.162135  \n",
      "16                  0.526666  1.292044  \n",
      "18                  0.000000  1.127637  \n",
      "19                  1.127637  0.000000  \n",
      "\n",
      "\n",
      "\n",
      "(12, 19)\n",
      "Clusters: ['(12, 19)' '(((5, 6), 17), 10)' '(9, 13)' '0' '1' '2' '3' '4' '7' '8'\n",
      " '11' '14' '15' '16' '18']\n",
      "Distance matrix: 5 step\n",
      "                    (12, 19)  (((5, 6), 17), 10)   (9, 13)         0  \\\n",
      "(12, 19)            0.000000            0.574309  0.479970  0.803476   \n",
      "(((5, 6), 17), 10)  0.574309            0.000000  0.189863  0.234482   \n",
      "(9, 13)             0.479970            0.189863  0.000000  0.348835   \n",
      "0                   0.803476            0.234482  0.348835  0.000000   \n",
      "1                   1.344569            0.787250  0.952862  0.621155   \n",
      "2                   0.127635            0.618733  0.488480  0.831731   \n",
      "3                   1.029833            0.472624  0.644654  0.336096   \n",
      "4                   0.340679            0.682627  0.509573  0.853582   \n",
      "7                   0.763294            0.222720  0.288811  0.102451   \n",
      "8                   0.160874            0.649198  0.588053  0.882659   \n",
      "11                  1.484400            0.919005  1.074005  0.731298   \n",
      "14                  1.583117            1.012287  1.155656  0.807826   \n",
      "15                  1.130037            0.625361  0.814335  0.551075   \n",
      "16                  1.266551            0.695345  0.841794  0.496281   \n",
      "18                  1.115475            0.594869  0.637230  0.391956   \n",
      "\n",
      "                           1         2         3         4         7  \\\n",
      "(12, 19)            1.344569  0.127635  1.029833  0.340679  0.763294   \n",
      "(((5, 6), 17), 10)  0.787250  0.618733  0.472624  0.682627  0.222720   \n",
      "(9, 13)             0.952862  0.488480  0.644654  0.509573  0.288811   \n",
      "0                   0.621155  0.831731  0.336096  0.853582  0.102451   \n",
      "1                   0.000000  1.403818  0.315709  1.461742  0.715591   \n",
      "2                   1.403818  0.000000  1.088158  0.217782  0.777156   \n",
      "3                   0.315709  1.088158  0.000000  1.151302  0.437875   \n",
      "4                   1.461742  0.217782  1.151302  0.000000  0.777890   \n",
      "7                   0.715591  0.777156  0.437875  0.777890  0.000000   \n",
      "8                   1.377334  0.271704  1.068174  0.489485  0.857778   \n",
      "11                  0.156627  1.537666  0.456124  1.582763  0.818189   \n",
      "14                  0.285276  1.629538  0.564400  1.661129  0.886509   \n",
      "15                  0.304848  1.208217  0.233908  1.303812  0.653224   \n",
      "16                  0.172048  1.312786  0.261499  1.349380  0.581548   \n",
      "18                  0.698223  1.109753  0.562726  1.062034  0.372423   \n",
      "\n",
      "                           8        11        14        15        16        18  \n",
      "(12, 19)            0.160874  1.484400  1.583117  1.130037  1.266551  1.115475  \n",
      "(((5, 6), 17), 10)  0.649198  0.919005  1.012287  0.625361  0.695345  0.594869  \n",
      "(9, 13)             0.588053  1.074005  1.155656  0.814335  0.841794  0.637230  \n",
      "0                   0.882659  0.731298  0.807826  0.551075  0.496281  0.391956  \n",
      "1                   1.377334  0.156627  0.285276  0.304848  0.172048  0.698223  \n",
      "2                   0.271704  1.537666  1.629538  1.208217  1.312786  1.109753  \n",
      "3                   1.068174  0.456124  0.564400  0.233908  0.261499  0.562726  \n",
      "4                   0.489485  1.582763  1.661129  1.303812  1.349380  1.062034  \n",
      "7                   0.857778  0.818189  0.886509  0.653224  0.581548  0.372423  \n",
      "8                   0.000000  1.523915  1.630707  1.137339  1.317298  1.222363  \n",
      "11                  1.523915  0.000000  0.132166  0.459126  0.236800  0.730921  \n",
      "14                  1.630707  0.132166  0.000000  0.589765  0.316958  0.743149  \n",
      "15                  1.137339  0.459126  0.589765  0.000000  0.375532  0.792367  \n",
      "16                  1.317298  0.236800  0.316958  0.375532  0.000000  0.526666  \n",
      "18                  1.222363  0.730921  0.743149  0.792367  0.526666  0.000000  \n",
      "\n",
      "\n",
      "\n",
      "(0, 7)\n",
      "Clusters: ['(0, 7)' '(12, 19)' '(((5, 6), 17), 10)' '(9, 13)' '1' '2' '3' '4' '8'\n",
      " '11' '14' '15' '16' '18']\n",
      "Distance matrix: 6 step\n",
      "                      (0, 7)  (12, 19)  (((5, 6), 17), 10)   (9, 13)  \\\n",
      "(0, 7)              0.000000  0.785301            0.226060  0.317900   \n",
      "(12, 19)            0.785301  0.000000            0.574309  0.479970   \n",
      "(((5, 6), 17), 10)  0.226060  0.574309            0.000000  0.189863   \n",
      "(9, 13)             0.317900  0.479970            0.189863  0.000000   \n",
      "1                   0.668373  1.344569            0.787250  0.952862   \n",
      "2                   0.804444  0.127635            0.618733  0.488480   \n",
      "3                   0.386986  1.029833            0.472624  0.644654   \n",
      "4                   0.815736  0.340679            0.682627  0.509573   \n",
      "8                   0.870219  0.160874            0.649198  0.588053   \n",
      "11                  0.774743  1.484400            0.919005  1.074005   \n",
      "14                  0.847167  1.583117            1.012287  1.155656   \n",
      "15                  0.602150  1.130037            0.625361  0.814335   \n",
      "16                  0.538915  1.266551            0.695345  0.841794   \n",
      "18                  0.382189  1.115475            0.594869  0.637230   \n",
      "\n",
      "                           1         2         3         4         8  \\\n",
      "(0, 7)              0.668373  0.804444  0.386986  0.815736  0.870219   \n",
      "(12, 19)            1.344569  0.127635  1.029833  0.340679  0.160874   \n",
      "(((5, 6), 17), 10)  0.787250  0.618733  0.472624  0.682627  0.649198   \n",
      "(9, 13)             0.952862  0.488480  0.644654  0.509573  0.588053   \n",
      "1                   0.000000  1.403818  0.315709  1.461742  1.377334   \n",
      "2                   1.403818  0.000000  1.088158  0.217782  0.271704   \n",
      "3                   0.315709  1.088158  0.000000  1.151302  1.068174   \n",
      "4                   1.461742  0.217782  1.151302  0.000000  0.489485   \n",
      "8                   1.377334  0.271704  1.068174  0.489485  0.000000   \n",
      "11                  0.156627  1.537666  0.456124  1.582763  1.523915   \n",
      "14                  0.285276  1.629538  0.564400  1.661129  1.630707   \n",
      "15                  0.304848  1.208217  0.233908  1.303812  1.137339   \n",
      "16                  0.172048  1.312786  0.261499  1.349380  1.317298   \n",
      "18                  0.698223  1.109753  0.562726  1.062034  1.222363   \n",
      "\n",
      "                          11        14        15        16        18  \n",
      "(0, 7)              0.774743  0.847167  0.602150  0.538915  0.382189  \n",
      "(12, 19)            1.484400  1.583117  1.130037  1.266551  1.115475  \n",
      "(((5, 6), 17), 10)  0.919005  1.012287  0.625361  0.695345  0.594869  \n",
      "(9, 13)             1.074005  1.155656  0.814335  0.841794  0.637230  \n",
      "1                   0.156627  0.285276  0.304848  0.172048  0.698223  \n",
      "2                   1.537666  1.629538  1.208217  1.312786  1.109753  \n",
      "3                   0.456124  0.564400  0.233908  0.261499  0.562726  \n",
      "4                   1.582763  1.661129  1.303812  1.349380  1.062034  \n",
      "8                   1.523915  1.630707  1.137339  1.317298  1.222363  \n",
      "11                  0.000000  0.132166  0.459126  0.236800  0.730921  \n",
      "14                  0.132166  0.000000  0.589765  0.316958  0.743149  \n",
      "15                  0.459126  0.589765  0.000000  0.375532  0.792367  \n",
      "16                  0.236800  0.316958  0.375532  0.000000  0.526666  \n",
      "18                  0.730921  0.743149  0.792367  0.526666  0.000000  \n",
      "\n",
      "\n",
      "\n",
      "((12, 19), 2)\n",
      "Clusters: ['((12, 19), 2)' '(0, 7)' '(((5, 6), 17), 10)' '(9, 13)' '1' '3' '4' '8'\n",
      " '11' '14' '15' '16' '18']\n",
      "Distance matrix: 7 step\n",
      "                    ((12, 19), 2)    (0, 7)  (((5, 6), 17), 10)   (9, 13)  \\\n",
      "((12, 19), 2)            0.000000  0.789219            0.585523  0.479970   \n",
      "(0, 7)                   0.789219  0.000000            0.226060  0.317900   \n",
      "(((5, 6), 17), 10)       0.585523  0.226060            0.000000  0.189863   \n",
