{
 "cells": [
  {
   "attachments": {},
   "cell_type": "markdown",
   "metadata": {},
   "source": [
    "# Подключаем библиотеки"
   ]
  },
  {
   "cell_type": "code",
   "execution_count": 1,
   "metadata": {},
   "outputs": [],
   "source": [
    "import numpy as np\n",
    "import scipy.stats as sts\n",
    "from UltrametricMatrix import ultramatrix\n",
    "from HierarchyClusteringWithoutLogs import hierarchy\n",
    "from MinMaxHierarchy import MinMaxHierarchy\n",
    "from MedianHierarchy import MedianHierarchy\n",
    "from Linkages import single_linked\n",
    "from Linkages import complete_linked\n",
    "from Linkages import group_average_linked\n",
    "from Linkages import weighted_average_linked\n",
    "import pandas as pd\n",
    "import seaborn as sns"
   ]
  },
  {
   "attachments": {},
   "cell_type": "markdown",
   "metadata": {},
   "source": [
    "Создаем словарик, в котором указываем каждому методу соответствующую функцию"
   ]
  },
  {
   "cell_type": "code",
   "execution_count": 2,
   "metadata": {},
   "outputs": [],
   "source": [
    "Methods_N_Func = {\n",
    "    'single_linked': single_linked,\n",
    "    'complete_linked': complete_linked,\n",
    "    'group_average_linked': group_average_linked,\n",
    "    'weighted_average_linked': weighted_average_linked,\n",
    "    'min_max_linked': MinMaxHierarchy,\n",
    "    'median_linked': MedianHierarchy\n",
    "}"
   ]
  },
  {
   "attachments": {},
   "cell_type": "markdown",
   "metadata": {},
   "source": [
    "# Описание функций"
   ]
  },
  {
   "attachments": {},
   "cell_type": "markdown",
   "metadata": {},
   "source": [
    "Функция `pipe(points, method)` считает метрики исходя из заданных кластеров и методов"
   ]
  },
  {
   "cell_type": "code",
   "execution_count": 3,
   "metadata": {},
   "outputs": [],
   "source": [
    "def pipe(points, method):\n",
    "    if method.__name__ == 'MinMaxHierarchy':\n",
    "        logs = MinMaxHierarchy(points, metric='euclidean')\n",
    "    elif method.__name__ == 'MedianHierarchy':\n",
    "        logs = MedianHierarchy(points, metric='euclidean')\n",
    "    else:\n",
    "        logs = hierarchy(points, metric='euclidean', method=method)\n",
    "    \n",
    "    start_matrix = logs[1]\n",
    "    finish_matrix = ultramatrix(logs[0], logs[2])\n",
    "\n",
    "    max_abs = np.max(np.abs(start_matrix - finish_matrix))\n",
    "\n",
    "    n_points = len(start_matrix) \n",
    "    N_edge = n_points * (n_points - 1) / 2\n",
    "    norm_sum_abs = np.sum(np.abs(finish_matrix - start_matrix)) / N_edge\n",
    "\n",
    "    return max_abs, norm_sum_abs"
   ]
  },
  {
   "attachments": {},
   "cell_type": "markdown",
   "metadata": {},
   "source": [
    "Функция `get_gen_sample(size)` генерирует кластеры"
   ]
  },
  {
   "cell_type": "code",
   "execution_count": 4,
   "metadata": {},
   "outputs": [],
   "source": [
    "def get_gen_sample(size):\n",
    "    N = int(size / 3)\n",
    "\n",
    "    norm1 = sts.norm(1, 0.2)\n",
    "    norm2 = sts.norm(1.5, 0.1)\n",
    "    norm3 = sts.norm(2, 0.2)\n",
    "\n",
    "    x = np.append(norm1.rvs(N), np.append(norm2.rvs(N), norm3.rvs(N), axis=0), axis=0)\n",
    "    y = np.append(norm1.rvs(N), np.append(norm2.rvs(N), norm3.rvs(N), axis=0), axis=0)\n",
    "\n",
    "    points = list(zip(x, y))\n",
    "\n",
    "    return np.array(points)"
   ]
  },
  {
   "attachments": {},
   "cell_type": "markdown",
   "metadata": {},
   "source": [
    "Функция `times_when_method_better(results, res_column)` создает матрицу, которая показывает соотношение количества раз, когда метрика по указанному в строке методу оказалась меньше, чем метрика по указанному в столбце методу, к общему количеству экспериментов"
   ]
  },
  {
   "cell_type": "code",
   "execution_count": 5,
   "metadata": {},
   "outputs": [],
   "source": [
    "def times_when_method_better(results):\n",
    "\n",
    "    ResultsMatrix = pd.DataFrame(columns=results.columns, index=results.columns)\n",
    "\n",
    "    for col in results.columns:\n",
    "        for ind in results.columns:\n",
    "            res = results[results[ind] < results[col]].shape[0] / results.shape[0]\n",
    "            ResultsMatrix[col][ind] = res\n",
    "\n",
    "    return ResultsMatrix.astype(float)"
   ]
  },
  {
   "attachments": {},
   "cell_type": "markdown",
   "metadata": {},
   "source": [
    "# Основаной скрипт"
   ]
  },
  {
   "attachments": {},
   "cell_type": "markdown",
   "metadata": {},
   "source": [
    "Основной скрипт, который запускает процесс генерации и посчета метрик"
   ]
  },
  {
   "cell_type": "code",
   "execution_count": 6,
   "metadata": {},
   "outputs": [
    {
     "name": "stdout",
     "output_type": "stream",
     "text": [
      "VERSION 18\n",
      "Distance matrix: 0 step\n",
      "          0         1         2         3         4         5         6   \\\n",
      "0   0.000000  1.326821  0.968166  0.317056  0.738562  0.898908  0.970033   \n",
      "1   1.326821  0.000000  0.358656  1.205214  1.039632  0.427918  0.358592   \n",
      "2   0.968166  0.358656  0.000000  0.860244  0.767632  0.069289  0.031067   \n",
      "3   0.317056  1.205214  0.860244  0.000000  0.429289  0.794295  0.852060   \n",
      "4   0.738562  1.039632  0.767632  0.429289  0.000000  0.722189  0.745533   \n",
      "5   0.898908  0.427918  0.069289  0.794295  0.722189  0.000000  0.076363   \n",
      "6   0.970033  0.358592  0.031067  0.852060  0.745533  0.076363  0.000000   \n",
      "7   0.394334  0.933753  0.575347  0.346736  0.554216  0.506070  0.576118   \n",
      "8   0.208161  1.229469  0.875986  0.455954  0.831153  0.808710  0.884099   \n",
      "9   0.170822  1.161190  0.802844  0.238424  0.613226  0.733570  0.803301   \n",
      "10  0.945262  0.445172  0.196910  0.903277  0.898057  0.196055  0.227570   \n",
      "11  0.932369  0.402151  0.076154  0.804465  0.693103  0.071091  0.052699   \n",
      "12  0.371143  1.271398  0.932596  0.091828  0.418510  0.868152  0.922489   \n",
      "13  0.925620  0.401438  0.044228  0.816093  0.731026  0.028386  0.048009   \n",
      "14  1.818828  0.542747  0.872790  1.732969  1.581447  0.939543  0.881487   \n",
      "15  1.303426  0.221206  0.384140  1.234610  1.143776  0.444027  0.401395   \n",
      "16  0.259155  1.151841  0.799461  0.105528  0.483334  0.731609  0.794489   \n",
      "17  1.718565  0.451801  0.774747  1.545711  1.278763  0.839818  0.763742   \n",
      "18  1.688599  0.362168  0.720567  1.562892  1.363697  0.789856  0.720659   \n",
      "19  0.118388  1.225815  0.867776  0.223850  0.629670  0.798546  0.867576   \n",
      "\n",
      "          7         8         9         10        11        12        13  \\\n",
      "0   0.394334  0.208161  0.170822  0.945262  0.932369  0.371143  0.925620   \n",
      "1   0.933753  1.229469  1.161190  0.445172  0.402151  1.271398  0.401438   \n",
      "2   0.575347  0.875986  0.802844  0.196910  0.076154  0.932596  0.044228   \n",
      "3   0.346736  0.455954  0.238424  0.903277  0.804465  0.091828  0.816093   \n",
      "4   0.554216  0.831153  0.613226  0.898057  0.693103  0.418510  0.731026   \n",
      "5   0.506070  0.808710  0.733570  0.196055  0.071091  0.868152  0.028386   \n",
      "6   0.576118  0.884099  0.803301  0.227570  0.052699  0.922489  0.048009   \n",
      "7   0.000000  0.348632  0.227504  0.575326  0.538038  0.436875  0.532315   \n",
      "8   0.348632  0.000000  0.222937  0.815489  0.854988  0.532301  0.836864   \n",
      "9   0.227504  0.222937  0.000000  0.793706  0.764228  0.322202  0.759760   \n",
      "10  0.575326  0.815489  0.793706  0.000000  0.258194  0.985749  0.204047   \n",
      "11  0.538038  0.854988  0.764228  0.258194  0.000000  0.873440  0.054293   \n",
      "12  0.436875  0.532301  0.322202  0.985749  0.873440  0.000000  0.888706   \n",
      "13  0.532315  0.836864  0.759760  0.204047  0.054293  0.888706  0.000000   \n",
      "14  1.436024  1.691377  1.661297  0.876813  0.930659  1.803927  0.916984   \n",
      "15  0.924460  1.175784  1.147892  0.360597  0.454016  1.310832  0.426231   \n",
      "16  0.254416  0.362857  0.140300  0.824444  0.749715  0.196270  0.755282   \n",
      "17  1.325948  1.647055  1.548375  0.894328  0.792491  1.596445  0.811462   \n",
      "18  1.295846  1.586239  1.523309  0.782543  0.763135  1.626054  0.763552   \n",
      "19  0.292849  0.236117  0.066981  0.860683  0.827638  0.296317  0.824494   \n",
      "\n",
      "          14        15        16        17        18        19  \n",
      "0   1.818828  1.303426  0.259155  1.718565  1.688599  0.118388  \n",
      "1   0.542747  0.221206  1.151841  0.451801  0.362168  1.225815  \n",
      "2   0.872790  0.384140  0.799461  0.774747  0.720567  0.867776  \n",
      "3   1.732969  1.234610  0.105528  1.545711  1.562892  0.223850  \n",
      "4   1.581447  1.143776  0.483334  1.278763  1.363697  0.629670  \n",
      "5   0.939543  0.444027  0.731609  0.839818  0.789856  0.798546  \n",
      "6   0.881487  0.401395  0.794489  0.763742  0.720659  0.867576  \n",
      "7   1.436024  0.924460  0.254416  1.325948  1.295846  0.292849  \n",
      "8   1.691377  1.175784  0.362857  1.647055  1.586239  0.236117  \n",
      "9   1.661297  1.147892  0.140300  1.548375  1.523309  0.066981  \n",
      "10  0.876813  0.360597  0.824444  0.894328  0.782543  0.860683  \n",
      "11  0.930659  0.454016  0.749715  0.792491  0.763135  0.827638  \n",
      "12  1.803927  1.310832  0.196270  1.596445  1.626054  0.296317  \n",
      "13  0.916984  0.426231  0.755282  0.811462  0.763552  0.824494  \n",
      "14  0.000000  0.516305  1.670681  0.532388  0.272055  1.727803  \n",
      "15  0.516305  0.000000  1.165366  0.628550  0.449409  1.214661  \n",
      "16  1.670681  1.165366  0.000000  1.512728  1.512565  0.146389  \n",
      "17  0.532388  0.628550  1.512728  0.000000  0.274634  1.609026  \n",
      "18  0.272055  0.449409  1.512565  0.274634  0.000000  1.587981  \n",
      "19  1.727803  1.214661  0.146389  1.609026  1.587981  0.000000  \n",
      "\n",
      "Clusters:['0' '1' '2' '3' '4' '5' '6' '7' '8' '9' '10' '11' '12' '13' '14' '15'\n",
      " '16' '17' '18' '19']\n",
      "\n",
      "\n",
      "(5, 13)\n",
      "Clusters: ['(5, 13)' '0' '1' '2' '3' '4' '6' '7' '8' '9' '10' '11' '12' '14' '15'\n",
      " '16' '17' '18' '19']\n",
      "Distance matrix: 1 step\n",
      "          (5, 13)         0         1         2         3         4         6  \\\n",
      "(5, 13)  0.000000  0.912264  0.414678  0.056759  0.805194  0.726608  0.062186   \n",
      "0        0.912264  0.000000  1.326821  0.968166  0.317056  0.738562  0.970033   \n",
      "1        0.414678  1.326821  0.000000  0.358656  1.205214  1.039632  0.358592   \n",
      "2        0.056759  0.968166  0.358656  0.000000  0.860244  0.767632  0.031067   \n",
      "3        0.805194  0.317056  1.205214  0.860244  0.000000  0.429289  0.852060   \n",
      "4        0.726608  0.738562  1.039632  0.767632  0.429289  0.000000  0.745533   \n",
      "6        0.062186  0.970033  0.358592  0.031067  0.852060  0.745533  0.000000   \n",
      "7        0.519193  0.394334  0.933753  0.575347  0.346736  0.554216  0.576118   \n",
      "8        0.822787  0.208161  1.229469  0.875986  0.455954  0.831153  0.884099   \n",
      "9        0.746665  0.170822  1.161190  0.802844  0.238424  0.613226  0.803301   \n",
      "10       0.200051  0.945262  0.445172  0.196910  0.903277  0.898057  0.227570   \n",
      "11       0.062692  0.932369  0.402151  0.076154  0.804465  0.693103  0.052699   \n",
      "12       0.878429  0.371143  1.271398  0.932596  0.091828  0.418510  0.922489   \n",
      "14       0.928264  1.818828  0.542747  0.872790  1.732969  1.581447  0.881487   \n",
      "15       0.435129  1.303426  0.221206  0.384140  1.234610  1.143776  0.401395   \n",
      "16       0.743446  0.259155  1.151841  0.799461  0.105528  0.483334  0.794489   \n",
      "17       0.825640  1.718565  0.451801  0.774747  1.545711  1.278763  0.763742   \n",
      "18       0.776704  1.688599  0.362168  0.720567  1.562892  1.363697  0.720659   \n",
      "19       0.811520  0.118388  1.225815  0.867776  0.223850  0.629670  0.867576   \n",
      "\n",
      "                7         8         9        10        11        12        14  \\\n",
      "(5, 13)  0.519193  0.822787  0.746665  0.200051  0.062692  0.878429  0.928264   \n",
      "0        0.394334  0.208161  0.170822  0.945262  0.932369  0.371143  1.818828   \n",
      "1        0.933753  1.229469  1.161190  0.445172  0.402151  1.271398  0.542747   \n",
      "2        0.575347  0.875986  0.802844  0.196910  0.076154  0.932596  0.872790   \n",
      "3        0.346736  0.455954  0.238424  0.903277  0.804465  0.091828  1.732969   \n",
      "4        0.554216  0.831153  0.613226  0.898057  0.693103  0.418510  1.581447   \n",
      "6        0.576118  0.884099  0.803301  0.227570  0.052699  0.922489  0.881487   \n",
      "7        0.000000  0.348632  0.227504  0.575326  0.538038  0.436875  1.436024   \n",
      "8        0.348632  0.000000  0.222937  0.815489  0.854988  0.532301  1.691377   \n",
      "9        0.227504  0.222937  0.000000  0.793706  0.764228  0.322202  1.661297   \n",
      "10       0.575326  0.815489  0.793706  0.000000  0.258194  0.985749  0.876813   \n",
      "11       0.538038  0.854988  0.764228  0.258194  0.000000  0.873440  0.930659   \n",
      "12       0.436875  0.532301  0.322202  0.985749  0.873440  0.000000  1.803927   \n",
      "14       1.436024  1.691377  1.661297  0.876813  0.930659  1.803927  0.000000   \n",
      "15       0.924460  1.175784  1.147892  0.360597  0.454016  1.310832  0.516305   \n",
      "16       0.254416  0.362857  0.140300  0.824444  0.749715  0.196270  1.670681   \n",
      "17       1.325948  1.647055  1.548375  0.894328  0.792491  1.596445  0.532388   \n",
      "18       1.295846  1.586239  1.523309  0.782543  0.763135  1.626054  0.272055   \n",
      "19       0.292849  0.236117  0.066981  0.860683  0.827638  0.296317  1.727803   \n",
      "\n",
      "               15        16        17        18        19  \n",
      "(5, 13)  0.435129  0.743446  0.825640  0.776704  0.811520  \n",
      "0        1.303426  0.259155  1.718565  1.688599  0.118388  \n",
      "1        0.221206  1.151841  0.451801  0.362168  1.225815  \n",
      "2        0.384140  0.799461  0.774747  0.720567  0.867776  \n",
      "3        1.234610  0.105528  1.545711  1.562892  0.223850  \n",
      "4        1.143776  0.483334  1.278763  1.363697  0.629670  \n",
      "6        0.401395  0.794489  0.763742  0.720659  0.867576  \n",
      "7        0.924460  0.254416  1.325948  1.295846  0.292849  \n",
      "8        1.175784  0.362857  1.647055  1.586239  0.236117  \n",
      "9        1.147892  0.140300  1.548375  1.523309  0.066981  \n",
      "10       0.360597  0.824444  0.894328  0.782543  0.860683  \n",
      "11       0.454016  0.749715  0.792491  0.763135  0.827638  \n",
      "12       1.310832  0.196270  1.596445  1.626054  0.296317  \n",
      "14       0.516305  1.670681  0.532388  0.272055  1.727803  \n",
      "15       0.000000  1.165366  0.628550  0.449409  1.214661  \n",
      "16       1.165366  0.000000  1.512728  1.512565  0.146389  \n",
      "17       0.628550  1.512728  0.000000  0.274634  1.609026  \n",
      "18       0.449409  1.512565  0.274634  0.000000  1.587981  \n",
      "19       1.214661  0.146389  1.609026  1.587981  0.000000  \n",
      "\n",
      "\n",
      "\n",
      "(2, 6)\n",
      "Clusters: ['(2, 6)' '(5, 13)' '0' '1' '3' '4' '7' '8' '9' '10' '11' '12' '14' '15'\n",
      " '16' '17' '18' '19']\n",
      "Distance matrix: 2 step\n",
      "           (2, 6)   (5, 13)         0         1         3         4         7  \\\n",
      "(2, 6)   0.000000  0.060296  0.969099  0.358624  0.856152  0.756583  0.575733   \n",
      "(5, 13)  0.060296  0.000000  0.912264  0.414678  0.805194  0.726608  0.519193   \n",
      "0        0.969099  0.912264  0.000000  1.326821  0.317056  0.738562  0.394334   \n",
      "1        0.358624  0.414678  1.326821  0.000000  1.205214  1.039632  0.933753   \n",
      "3        0.856152  0.805194  0.317056  1.205214  0.000000  0.429289  0.346736   \n",
      "4        0.756583  0.726608  0.738562  1.039632  0.429289  0.000000  0.554216   \n",
      "7        0.575733  0.519193  0.394334  0.933753  0.346736  0.554216  0.000000   \n",
      "8        0.880042  0.822787  0.208161  1.229469  0.455954  0.831153  0.348632   \n",
      "9        0.803073  0.746665  0.170822  1.161190  0.238424  0.613226  0.227504   \n",
      "10       0.212240  0.200051  0.945262  0.445172  0.903277  0.898057  0.575326   \n",
      "11       0.064427  0.062692  0.932369  0.402151  0.804465  0.693103  0.538038   \n",
      "12       0.927543  0.878429  0.371143  1.271398  0.091828  0.418510  0.436875   \n",
      "14       0.877139  0.928264  1.818828  0.542747  1.732969  1.581447  1.436024   \n",
      "15       0.392767  0.435129  1.303426  0.221206  1.234610  1.143776  0.924460   \n",
      "16       0.796975  0.743446  0.259155  1.151841  0.105528  0.483334  0.254416   \n",
      "17       0.769244  0.825640  1.718565  0.451801  1.545711  1.278763  1.325948   \n",
      "18       0.720613  0.776704  1.688599  0.362168  1.562892  1.363697  1.295846   \n",
      "19       0.867676  0.811520  0.118388  1.225815  0.223850  0.629670  0.292849   \n",
      "\n",
      "                8         9        10        11        12        14        15  \\\n",
      "(2, 6)   0.880042  0.803073  0.212240  0.064427  0.927543  0.877139  0.392767   \n",
      "(5, 13)  0.822787  0.746665  0.200051  0.062692  0.878429  0.928264  0.435129   \n",
      "0        0.208161  0.170822  0.945262  0.932369  0.371143  1.818828  1.303426   \n",
      "1        1.229469  1.161190  0.445172  0.402151  1.271398  0.542747  0.221206   \n",
      "3        0.455954  0.238424  0.903277  0.804465  0.091828  1.732969  1.234610   \n",
      "4        0.831153  0.613226  0.898057  0.693103  0.418510  1.581447  1.143776   \n",
      "7        0.348632  0.227504  0.575326  0.538038  0.436875  1.436024  0.924460   \n",
      "8        0.000000  0.222937  0.815489  0.854988  0.532301  1.691377  1.175784   \n",
      "9        0.222937  0.000000  0.793706  0.764228  0.322202  1.661297  1.147892   \n",
      "10       0.815489  0.793706  0.000000  0.258194  0.985749  0.876813  0.360597   \n",
      "11       0.854988  0.764228  0.258194  0.000000  0.873440  0.930659  0.454016   \n",
      "12       0.532301  0.322202  0.985749  0.873440  0.000000  1.803927  1.310832   \n",
      "14       1.691377  1.661297  0.876813  0.930659  1.803927  0.000000  0.516305   \n",
      "15       1.175784  1.147892  0.360597  0.454016  1.310832  0.516305  0.000000   \n",
      "16       0.362857  0.140300  0.824444  0.749715  0.196270  1.670681  1.165366   \n",
      "17       1.647055  1.548375  0.894328  0.792491  1.596445  0.532388  0.628550   \n",
      "18       1.586239  1.523309  0.782543  0.763135  1.626054  0.272055  0.449409   \n",
      "19       0.236117  0.066981  0.860683  0.827638  0.296317  1.727803  1.214661   \n",
      "\n",
      "               16        17        18        19  \n",
      "(2, 6)   0.796975  0.769244  0.720613  0.867676  \n",
      "(5, 13)  0.743446  0.825640  0.776704  0.811520  \n",
      "0        0.259155  1.718565  1.688599  0.118388  \n",
      "1        1.151841  0.451801  0.362168  1.225815  \n",
      "3        0.105528  1.545711  1.562892  0.223850  \n",
      "4        0.483334  1.278763  1.363697  0.629670  \n",
      "7        0.254416  1.325948  1.295846  0.292849  \n",
      "8        0.362857  1.647055  1.586239  0.236117  \n",
      "9        0.140300  1.548375  1.523309  0.066981  \n",
      "10       0.824444  0.894328  0.782543  0.860683  \n",
      "11       0.749715  0.792491  0.763135  0.827638  \n",
      "12       0.196270  1.596445  1.626054  0.296317  \n",
      "14       1.670681  0.532388  0.272055  1.727803  \n",
      "15       1.165366  0.628550  0.449409  1.214661  \n",
      "16       0.000000  1.512728  1.512565  0.146389  \n",
      "17       1.512728  0.000000  0.274634  1.609026  \n",
      "18       1.512565  0.274634  0.000000  1.587981  \n",
      "19       0.146389  1.609026  1.587981  0.000000  \n",
      "\n",
      "\n",
      "\n",
      "((2, 6), (5, 13))\n",
      "Clusters: ['((2, 6), (5, 13))' '0' '1' '3' '4' '7' '8' '9' '10' '11' '12' '14' '15'\n",
      " '16' '17' '18' '19']\n",
      "Distance matrix: 3 step\n",
      "                   ((2, 6), (5, 13))         0         1         3         4  \\\n",
      "((2, 6), (5, 13))           0.000000  0.934470  0.393255  0.827269  0.744911   \n",
      "0                           0.934470  0.000000  1.326821  0.317056  0.738562   \n",
      "1                           0.393255  1.326821  0.000000  1.205214  1.039632   \n",
      "3                           0.827269  0.317056  1.205214  0.000000  0.429289   \n",
      "4                           0.744911  0.738562  1.039632  0.429289  0.000000   \n",
      "7                           0.541094  0.394334  0.933753  0.346736  0.554216   \n",
      "8                           0.846404  0.208161  1.229469  0.455954  0.831153   \n",
      "9                           0.768436  0.170822  1.161190  0.238424  0.613226   \n",
      "10                          0.211813  0.945262  0.445172  0.903277  0.898057   \n",
      "11                          0.064427  0.932369  0.402151  0.804465  0.693103   \n",
      "12                          0.900374  0.371143  1.271398  0.091828  0.418510   \n",
      "14                          0.906167  1.818828  0.542747  1.732969  1.581447   \n",
      "15                          0.414083  1.303426  0.221206  1.234610  1.143776   \n",
      "16                          0.765535  0.259155  1.151841  0.105528  0.483334   \n",
      "17                          0.801780  1.718565  0.451801  1.545711  1.278763   \n",
      "18                          0.755212  1.688599  0.362168  1.562892  1.363697   \n",
      "19                          0.833161  0.118388  1.225815  0.223850  0.629670   \n",
      "\n",
      "                          7         8         9        10        11        12  \\\n",
      "((2, 6), (5, 13))  0.541094  0.846404  0.768436  0.211813  0.064427  0.900374   \n",
      "0                  0.394334  0.208161  0.170822  0.945262  0.932369  0.371143   \n",
      "1                  0.933753  1.229469  1.161190  0.445172  0.402151  1.271398   \n",
      "3                  0.346736  0.455954  0.238424  0.903277  0.804465  0.091828   \n",
      "4                  0.554216  0.831153  0.613226  0.898057  0.693103  0.418510   \n",
      "7                  0.000000  0.348632  0.227504  0.575326  0.538038  0.436875   \n",
      "8                  0.348632  0.000000  0.222937  0.815489  0.854988  0.532301   \n",
      "9                  0.227504  0.222937  0.000000  0.793706  0.764228  0.322202   \n",
      "10                 0.575326  0.815489  0.793706  0.000000  0.258194  0.985749   \n",
      "11                 0.538038  0.854988  0.764228  0.258194  0.000000  0.873440   \n",
      "12                 0.436875  0.532301  0.322202  0.985749  0.873440  0.000000   \n",
      "14                 1.436024  1.691377  1.661297  0.876813  0.930659  1.803927   \n",
      "15                 0.924460  1.175784  1.147892  0.360597  0.454016  1.310832   \n",
      "16                 0.254416  0.362857  0.140300  0.824444  0.749715  0.196270   \n",
      "17                 1.325948  1.647055  1.548375  0.894328  0.792491  1.596445   \n",
      "18                 1.295846  1.586239  1.523309  0.782543  0.763135  1.626054   \n",
      "19                 0.292849  0.236117  0.066981  0.860683  0.827638  0.296317   \n",
      "\n",
      "                         14        15        16        17        18        19  \n",
      "((2, 6), (5, 13))  0.906167  0.414083  0.765535  0.801780  0.755212  0.833161  \n",
      "0                  1.818828  1.303426  0.259155  1.718565  1.688599  0.118388  \n",
      "1                  0.542747  0.221206  1.151841  0.451801  0.362168  1.225815  \n",
      "3                  1.732969  1.234610  0.105528  1.545711  1.562892  0.223850  \n",
      "4                  1.581447  1.143776  0.483334  1.278763  1.363697  0.629670  \n",
      "7                  1.436024  0.924460  0.254416  1.325948  1.295846  0.292849  \n",
      "8                  1.691377  1.175784  0.362857  1.647055  1.586239  0.236117  \n",
      "9                  1.661297  1.147892  0.140300  1.548375  1.523309  0.066981  \n",
      "10                 0.876813  0.360597  0.824444  0.894328  0.782543  0.860683  \n",
      "11                 0.930659  0.454016  0.749715  0.792491  0.763135  0.827638  \n",
      "12                 1.803927  1.310832  0.196270  1.596445  1.626054  0.296317  \n",
      "14                 0.000000  0.516305  1.670681  0.532388  0.272055  1.727803  \n",
      "15                 0.516305  0.000000  1.165366  0.628550  0.449409  1.214661  \n",
      "16                 1.670681  1.165366  0.000000  1.512728  1.512565  0.146389  \n",
      "17                 0.532388  0.628550  1.512728  0.000000  0.274634  1.609026  \n",
      "18                 0.272055  0.449409  1.512565  0.274634  0.000000  1.587981  \n",
      "19                 1.727803  1.214661  0.146389  1.609026  1.587981  0.000000  \n",
      "\n",
      "\n",
      "\n",
      "(((2, 6), (5, 13)), 11)\n",
      "Clusters: ['(((2, 6), (5, 13)), 11)' '0' '1' '3' '4' '7' '8' '9' '10' '12' '14' '15'\n",
      " '16' '17' '18' '19']\n",
      "Distance matrix: 4 step\n",
      "                         (((2, 6), (5, 13)), 11)         0         1  \\\n",
      "(((2, 6), (5, 13)), 11)                 0.000000  0.934470  0.393255   \n",
      "0                                       0.934470  0.000000  1.326821   \n",
      "1                                       0.393255  1.326821  0.000000   \n",
      "3                                       0.827269  0.317056  1.205214   \n",
      "4                                       0.730368  0.738562  1.039632   \n",
      "7                                       0.541094  0.394334  0.933753   \n",
      "8                                       0.846404  0.208161  1.229469   \n",
      "9                                       0.768436  0.170822  1.161190   \n",
      "10                                      0.227125  0.945262  0.445172   \n",
      "12                                      0.900374  0.371143  1.271398   \n",
      "14                                      0.906167  1.818828  0.542747   \n",
      "15                                      0.419078  1.303426  0.221206   \n",
      "16                                      0.765535  0.259155  1.151841   \n",
      "17                                      0.801780  1.718565  0.451801   \n",
      "18                                      0.755212  1.688599  0.362168   \n",
      "19                                      0.833161  0.118388  1.225815   \n",
      "\n",
      "                                3         4         7         8         9  \\\n",
      "(((2, 6), (5, 13)), 11)  0.827269  0.730368  0.541094  0.846404  0.768436   \n",
      "0                        0.317056  0.738562  0.394334  0.208161  0.170822   \n",
      "1                        1.205214  1.039632  0.933753  1.229469  1.161190   \n",
      "3                        0.000000  0.429289  0.346736  0.455954  0.238424   \n",
      "4                        0.429289  0.000000  0.554216  0.831153  0.613226   \n",
      "7                        0.346736  0.554216  0.000000  0.348632  0.227504   \n",
      "8                        0.455954  0.831153  0.348632  0.000000  0.222937   \n",
      "9                        0.238424  0.613226  0.227504  0.222937  0.000000   \n",
      "10                       0.903277  0.898057  0.575326  0.815489  0.793706   \n",
      "12                       0.091828  0.418510  0.436875  0.532301  0.322202   \n",
      "14                       1.732969  1.581447  1.436024  1.691377  1.661297   \n",
      "15                       1.234610  1.143776  0.924460  1.175784  1.147892   \n",
      "16                       0.105528  0.483334  0.254416  0.362857  0.140300   \n",
      "17                       1.545711  1.278763  1.325948  1.647055  1.548375   \n",
      "18                       1.562892  1.363697  1.295846  1.586239  1.523309   \n",
      "19                       0.223850  0.629670  0.292849  0.236117  0.066981   \n",
      "\n",
      "                               10        12        14        15        16  \\\n",
      "(((2, 6), (5, 13)), 11)  0.227125  0.900374  0.906167  0.419078  0.765535   \n",
      "0                        0.945262  0.371143  1.818828  1.303426  0.259155   \n",
      "1                        0.445172  1.271398  0.542747  0.221206  1.151841   \n",
      "3                        0.903277  0.091828  1.732969  1.234610  0.105528   \n",
      "4                        0.898057  0.418510  1.581447  1.143776  0.483334   \n",
      "7                        0.575326  0.436875  1.436024  0.924460  0.254416   \n",
      "8                        0.815489  0.532301  1.691377  1.175784  0.362857   \n",
      "9                        0.793706  0.322202  1.661297  1.147892  0.140300   \n",
      "10                       0.000000  0.985749  0.876813  0.360597  0.824444   \n",
      "12                       0.985749  0.000000  1.803927  1.310832  0.196270   \n",
      "14                       0.876813  1.803927  0.000000  0.516305  1.670681   \n",
      "15                       0.360597  1.310832  0.516305  0.000000  1.165366   \n",
      "16                       0.824444  0.196270  1.670681  1.165366  0.000000   \n",
      "17                       0.894328  1.596445  0.532388  0.628550  1.512728   \n",
      "18                       0.782543  1.626054  0.272055  0.449409  1.512565   \n",
      "19                       0.860683  0.296317  1.727803  1.214661  0.146389   \n",
      "\n",
      "                               17        18        19  \n",
      "(((2, 6), (5, 13)), 11)  0.801780  0.755212  0.833161  \n",
      "0                        1.718565  1.688599  0.118388  \n",
      "1                        0.451801  0.362168  1.225815  \n",
      "3                        1.545711  1.562892  0.223850  \n",
      "4                        1.278763  1.363697  0.629670  \n",
      "7                        1.325948  1.295846  0.292849  \n",
      "8                        1.647055  1.586239  0.236117  \n",
      "9                        1.548375  1.523309  0.066981  \n",
      "10                       0.894328  0.782543  0.860683  \n",
      "12                       1.596445  1.626054  0.296317  \n",
      "14                       0.532388  0.272055  1.727803  \n",
      "15                       0.628550  0.449409  1.214661  \n",
      "16                       1.512728  1.512565  0.146389  \n",
      "17                       0.000000  0.274634  1.609026  \n",
      "18                       0.274634  0.000000  1.587981  \n",
      "19                       1.609026  1.587981  0.000000  \n",
      "\n",
      "\n",
      "\n",
      "(9, 19)\n",
      "Clusters: ['(9, 19)' '(((2, 6), (5, 13)), 11)' '0' '1' '3' '4' '7' '8' '10' '12'\n",
      " '14' '15' '16' '17' '18']\n",
      "Distance matrix: 5 step\n",
      "                          (9, 19)  (((2, 6), (5, 13)), 11)         0  \\\n",
      "(9, 19)                  0.000000                 0.800673  0.144605   \n",
      "(((2, 6), (5, 13)), 11)  0.800673                 0.000000  0.934470   \n",
      "0                        0.144605                 0.934470  0.000000   \n",
      "1                        1.193503                 0.393255  1.326821   \n",
      "3                        0.231137                 0.827269  0.317056   \n",
      "4                        0.621448                 0.730368  0.738562   \n",
      "7                        0.260176                 0.541094  0.394334   \n",
      "8                        0.229527                 0.846404  0.208161   \n",
      "10                       0.827195                 0.227125  0.945262   \n",
      "12                       0.309260                 0.900374  0.371143   \n",
      "14                       1.694550                 0.906167  1.818828   \n",
      "15                       1.181276                 0.419078  1.303426   \n",
      "16                       0.143345                 0.765535  0.259155   \n",
      "17                       1.578701                 0.801780  1.718565   \n",
      "18                       1.555645                 0.755212  1.688599   \n",
      "\n",
      "                                1         3         4         7         8  \\\n",
      "(9, 19)                  1.193503  0.231137  0.621448  0.260176  0.229527   \n",
      "(((2, 6), (5, 13)), 11)  0.393255  0.827269  0.730368  0.541094  0.846404   \n",
      "0                        1.326821  0.317056  0.738562  0.394334  0.208161   \n",
      "1                        0.000000  1.205214  1.039632  0.933753  1.229469   \n",
      "3                        1.205214  0.000000  0.429289  0.346736  0.455954   \n",
      "4                        1.039632  0.429289  0.000000  0.554216  0.831153   \n",
      "7                        0.933753  0.346736  0.554216  0.000000  0.348632   \n",
      "8                        1.229469  0.455954  0.831153  0.348632  0.000000   \n",
      "10                       0.445172  0.903277  0.898057  0.575326  0.815489   \n",
      "12                       1.271398  0.091828  0.418510  0.436875  0.532301   \n",
      "14                       0.542747  1.732969  1.581447  1.436024  1.691377   \n",
      "15                       0.221206  1.234610  1.143776  0.924460  1.175784   \n",
      "16                       1.151841  0.105528  0.483334  0.254416  0.362857   \n",
      "17                       0.451801  1.545711  1.278763  1.325948  1.647055   \n",
      "18                       0.362168  1.562892  1.363697  1.295846  1.586239   \n",
      "\n",
      "                               10        12        14        15        16  \\\n",
      "(9, 19)                  0.827195  0.309260  1.694550  1.181276  0.143345   \n",
      "(((2, 6), (5, 13)), 11)  0.227125  0.900374  0.906167  0.419078  0.765535   \n",
      "0                        0.945262  0.371143  1.818828  1.303426  0.259155   \n",
      "1                        0.445172  1.271398  0.542747  0.221206  1.151841   \n",
      "3                        0.903277  0.091828  1.732969  1.234610  0.105528   \n",
      "4                        0.898057  0.418510  1.581447  1.143776  0.483334   \n",
      "7                        0.575326  0.436875  1.436024  0.924460  0.254416   \n",
      "8                        0.815489  0.532301  1.691377  1.175784  0.362857   \n",
      "10                       0.000000  0.985749  0.876813  0.360597  0.824444   \n",
      "12                       0.985749  0.000000  1.803927  1.310832  0.196270   \n",
      "14                       0.876813  1.803927  0.000000  0.516305  1.670681   \n",
      "15                       0.360597  1.310832  0.516305  0.000000  1.165366   \n",
      "16                       0.824444  0.196270  1.670681  1.165366  0.000000   \n",
      "17                       0.894328  1.596445  0.532388  0.628550  1.512728   \n",
      "18                       0.782543  1.626054  0.272055  0.449409  1.512565   \n",
      "\n",
      "                               17        18  \n",
      "(9, 19)                  1.578701  1.555645  \n",
      "(((2, 6), (5, 13)), 11)  0.801780  0.755212  \n",
      "0                        1.718565  1.688599  \n",
      "1                        0.451801  0.362168  \n",
      "3                        1.545711  1.562892  \n",
      "4                        1.278763  1.363697  \n",
      "7                        1.325948  1.295846  \n",
      "8                        1.647055  1.586239  \n",
      "10                       0.894328  0.782543  \n",
      "12                       1.596445  1.626054  \n",
      "14                       0.532388  0.272055  \n",
      "15                       0.628550  0.449409  \n",
      "16                       1.512728  1.512565  \n",
      "17                       0.000000  0.274634  \n",
      "18                       0.274634  0.000000  \n",
      "\n",
      "\n",
      "\n",
      "(3, 12)\n",
      "Clusters: ['(3, 12)' '(9, 19)' '(((2, 6), (5, 13)), 11)' '0' '1' '4' '7' '8' '10'\n",
      " '14' '15' '16' '17' '18']\n",
      "Distance matrix: 6 step\n",
      "                          (3, 12)   (9, 19)  (((2, 6), (5, 13)), 11)  \\\n",
      "(3, 12)                  0.000000  0.273026                 0.863445   \n",
      "(9, 19)                  0.273026  0.000000                 0.800673   \n",
      "(((2, 6), (5, 13)), 11)  0.863445  0.800673                 0.000000   \n",
      "0                        0.344100  0.144605                 0.934470   \n",
      "1                        1.238306  1.193503                 0.393255   \n",
      "4                        0.423900  0.621448                 0.730368   \n",
      "7                        0.391806  0.260176                 0.541094   \n",
      "8                        0.494128  0.229527                 0.846404   \n",
      "10                       0.944513  0.827195                 0.227125   \n",
      "14                       1.768448  1.694550                 0.906167   \n",
      "15                       1.272721  1.181276                 0.419078   \n",
      "16                       0.150899  0.143345                 0.765535   \n",
      "17                       1.571078  1.578701                 0.801780   \n",
      "18                       1.594473  1.555645                 0.755212   \n",
      "\n",
      "                                0         1         4         7         8  \\\n",
      "(3, 12)                  0.344100  1.238306  0.423900  0.391806  0.494128   \n",
      "(9, 19)                  0.144605  1.193503  0.621448  0.260176  0.229527   \n",
      "(((2, 6), (5, 13)), 11)  0.934470  0.393255  0.730368  0.541094  0.846404   \n",
      "0                        0.000000  1.326821  0.738562  0.394334  0.208161   \n",
      "1                        1.326821  0.000000  1.039632  0.933753  1.229469   \n",
      "4                        0.738562  1.039632  0.000000  0.554216  0.831153   \n",
      "7                        0.394334  0.933753  0.554216  0.000000  0.348632   \n",
      "8                        0.208161  1.229469  0.831153  0.348632  0.000000   \n",
      "10                       0.945262  0.445172  0.898057  0.575326  0.815489   \n",
      "14                       1.818828  0.542747  1.581447  1.436024  1.691377   \n",
      "15                       1.303426  0.221206  1.143776  0.924460  1.175784   \n",
      "16                       0.259155  1.151841  0.483334  0.254416  0.362857   \n",
      "17                       1.718565  0.451801  1.278763  1.325948  1.647055   \n",
      "18                       1.688599  0.362168  1.363697  1.295846  1.586239   \n",
      "\n",
      "                               10        14        15        16        17  \\\n",
      "(3, 12)                  0.944513  1.768448  1.272721  0.150899  1.571078   \n",
      "(9, 19)                  0.827195  1.694550  1.181276  0.143345  1.578701   \n",
      "(((2, 6), (5, 13)), 11)  0.227125  0.906167  0.419078  0.765535  0.801780   \n",
